242 2057
1 4 5 6 7 10 121 132 143 154 165 176 187 198 209 220 231
2 5 6 7 8 0 122 133 144 155 166 177 188 199 210 221 232
3 6 7 8 9 1 123 134 145 156 167 178 189 200 211 222 233
4 7 8 9 10 2 124 135 146 157 168 179 190 201 212 223 234
5 8 9 10 0 3 125 136 147 158 169 180 191 202 213 224 235
6 9 10 0 1 4 126 137 148 159 170 181 192 203 214 225 236
7 10 0 1 2 5 127 138 149 160 171 182 193 204 215 226 237
8 0 1 2 3 6 128 139 150 161 172 183 194 205 216 227 238
9 1 2 3 4 7 129 140 151 162 173 184 195 206 217 228 239
10 2 3 4 5 8 130 141 152 163 174 185 196 207 218 229 240
0 3 4 5 6 9 131 142 153 164 175 186 197 208 219 230 241
12 15 16 17 18 21 121 133 145 157 169 181 193 205 217 229 241
13 16 17 18 19 11 122 134 146 158 170 182 194 206 218 230 231
14 17 18 19 20 12 123 135 147 159 171 183 195 207 219 220 232
15 18 19 20 21 13 124 136 148 160 172 184 196 208 209 221 233
16 19 20 21 11 14 125 137 149 161 173 185 197 198 210 222 234
17 20 21 11 12 15 126 138 150 162 174 186 187 199 211 223 235
18 21 11 12 13 16 127 139 151 163 175 176 188 200 212 224 236
19 11 12 13 14 17 128 140 152 164 165 177 189 201 213 225 237
20 12 13 14 15 18 129 141 153 154 166 178 190 202 214 226 238
21 13 14 15 16 19 130 142 143 155 167 179 191 203 215 227 239
11 14 15 16 17 20 131 132 144 156 168 180 192 204 216 228 240
23 26 27 28 29 32 121 134 147 160 173 186 188 201 214 227 240
24 27 28 29 30 22 122 135 148 161 174 176 189 202 215 228 241
25 28 29 30 31 23 123 136 149 162 175 177 190 203 216 229 231
26 29 30 31 32 24 124 137 150 163 165 178 191 204 217 230 232
27 30 31 32 22 25 125 138 151 164 166 179 192 205 218 220 233
28 31 32 22 23 26 126 139 152 154 167 180 193 206 219 221 234
29 32 22 23 24 27 127 140 153 155 168 181 194 207 209 222 235
30 22 23 24 25 28 128 141 143 156 169 182 195 208 210 223 236
31 23 24 25 26 29 129 142 144 157 170 183 196 198 211 224 237
32 24 25 26 27 30 130 132 145 158 171 184 197 199 212 225 238
22 25 26 27 28 31 131 133 146 159 172 185 187 200 213 226 239
34 37 38 39 40 43 121 135 149 163 166 180 194 208 211 225 239
35 38 39 40 41 33 122 136 150 164 167 181 195 198 212 226 240
36 39 40 41 42 34 123 137 151 154 168 182 196 199 213 227 241
37 40 41 42 43 35 124 138 152 155 169 183 197 200 214 228 231
38 41 42 43 33 36 125 139 153 156 170 184 187 201 215 229 232
39 42 43 33 34 37 126 140 143 157 171 185 188 202 216 230 233
40 43 33 34 35 38 127 141 144 158 172 186 189 203 217 220 234
41 33 34 35 36 39 128 142 145 159 173 176 190 204 218 221 235
42 34 35 36 37 40 129 132 146 160 174 177 191 205 219 222 236
43 35 36 37 38 41 130 133 147 161 175 178 192 206 209 223 237
33 36 37 38 39 42 131 134 148 162 165 179 193 207 210 224 238
45 48 49 50 51 54 121 136 151 155 170 185 189 204 219 223 238
46 49 50 51 52 44 122 137 152 156 171 186 190 205 209 224 239
47 50 51 52 53 45 123 138 153 157 172 176 191 206 210 225 240
48 51 52 53 54 46 124 139 143 158 173 177 192 207 211 226 241
49 52 53 54 44 47 125 140 144 159 174 178 193 208 212 227 231
50 53 54 44 45 48 126 141 145 160 175 179 194 198 213 228 232
51 54 44 45 46 49 127 142 146 161 165 180 195 199 214 229 233
52 44 45 46 47 50 128 132 147 162 166 181 196 200 215 230 234
53 45 46 47 48 51 129 133 148 163 167 182 197 201 216 220 235
54 46 47 48 49 52 130 134 149 164 168 183 187 202 217 221 236
44 47 48 49 50 53 131 135 150 154 169 184 188 203 218 222 237
56 59 60 61 62 65 121 137 153 158 174 179 195 200 216 221 237
57 60 61 62 63 55 122 138 143 159 175 180 196 201 217 222 238
58 61 62 63 64 56 123 139 144 160 165 181 197 202 218 223 239
59 62 63 64 65 57 124 140 145 161 166 182 187 203 219 224 240
60 63 64 65 55 58 125 141 146 162 167 183 188 204 209 225 241
61 64 65 55 56 59 126 142 147 163 168 184 189 205 210 226 231
62 65 55 56 57 60 127 132 148 164 169 185 190 206 211 227 232
63 55 56 57 58 61 128 133 149 154 170 186 191 207 212 228 233
64 56 57 58 59 62 129 134 150 155 171 176 192 208 213 229 234
65 57 58 59 60 63 130 135 151 156 172 177 193 198 214 230 235
55 58 59 60 61 64 131 136 152 157 173 178 194 199 215 220 236
67 70 71 72 73 76 121 138 144 161 167 184 190 207 213 230 236
68 71 72 73 74 66 122 139 145 162 168 185 191 208 214 220 237
69 72 73 74 75 67 123 140 146 163 169 186 192 198 215 221 238
70 73 74 75 76 68 124 141 147 164 170 176 193 199 216 222 239
71 74 75 76 66 69 125 142 148 154 171 177 194 200 217 223 240
72 75 76 66 67 70 126 132 149 155 172 178 195 201 218 224 241
73 76 66 67 68 71 127 133 150 156 173 179 196 202 219 225 231
74 66 67 68 69 72 128 134 151 157 174 180 197 203 209 226 232
75 67 68 69 70 73 129 135 152 158 175 181 187 204 210 227 233
76 68 69 70 71 74 130 136 153 159 165 182 188 205 211 228 234
66 69 70 71 72 75 131 137 143 160 166 183 189 206 212 229 235
78 81 82 83 84 87 121 139 146 164 171 178 196 203 210 228 235
79 82 83 84 85 77 122 140 147 154 172 179 197 204 211 229 236
80 83 84 85 86 78 123 141 148 155 173 180 187 205 212 230 237
81 84 85 86 87 79 124 142 149 156 174 181 188 206 213 220 238
82 85 86 87 77 80 125 132 150 157 175 182 189 207 214 221 239
83 86 87 77 78 81 126 133 151 158 165 183 190 208 215 222 240
84 87 77 78 79 82 127 134 152 159 166 184 191 198 216 223 241
85 77 78 79 80 83 128 135 153 160 167 185 192 199 217 224 231
86 78 79 80 81 84 129 136 143 161 168 186 193 200 218 225 232
87 79 80 81 82 85 130 137 144 162 169 176 194 201 219 226 233
77 80 81 82 83 86 131 138 145 163 170 177 195 202 209 227 234
89 92 93 94 95 98 121 140 148 156 175 183 191 199 218 226 234
90 93 94 95 96 88 122 141 149 157 165 184 192 200 219 227 235
91 94 95 96 97 89 123 142 150 158 166 185 193 201 209 228 236
92 95 96 97 98 90 124 132 151 159 167 186 194 202 210 229 237
93 96 97 98 88 91 125 133 152 160 168 176 195 203 211 230 238
94 97 98 88 89 92 126 134 153 161 169 177 196 204 212 220 239
95 98 88 89 90 93 127 135 143 162 170 178 197 205 213 221 240
96 88 89 90 91 94 128 136 144 163 171 179 187 206 214 222 241
97 89 90 91 92 95 129 137 145 164 172 180 188 207 215 223 231
98 90 91 92 93 96 130 138 146 154 173 181 189 208 216 224 232
88 91 92 93 94 97 131 139 147 155 174 182 190 198 217 225 233
100 103 104 105 106 109 121 141 150 159 168 177 197 206 215 224 233
101 104 105 106 107 99 122 142 151 160 169 178 187 207 216 225 234
102 105 106 107 108 100 123 132 152 161 170 179 188 208 217 226 235
103 106 107 108 109 101 124 133 153 162 171 180 189 198 218 227 236
104 107 108 109 99 102 125 134 143 163 172 181 190 199 219 228 237
105 108 109 99 100 103 126 135 144 164 173 182 191 200 209 229 238
106 109 99 100 101 104 127 136 145 154 174 183 192 201 210 230 239
107 99 100 101 102 105 128 137 146 155 175 184 193 202 211 220 240
108 100 101 102 103 106 129 138 147 156 165 185 194 203 212 221 241
109 101 102 103 104 107 130 139 148 157 166 186 195 204 213 222 231
99 102 103 104 105 108 131 140 149 158 167 176 196 205 214 223 232
111 114 115 116 117 120 121 142 152 162 172 182 192 202 212 222 232
112 115 116 117 118 110 122 132 153 163 173 183 193 203 213 223 233
113 116 117 118 119 111 123 133 143 164 174 184 194 204 214 224 234
114 117 118 119 120 112 124 134 144 154 175 185 195 205 215 225 235
115 118 119 120 110 113 125 135 145 155 165 186 196 206 216 226 236
116 119 120 110 111 114 126 136 146 156 166 176 197 207 217 227 237
117 120 110 111 112 115 127 137 147 157 167 177 187 208 218 228 238
118 110 111 112 113 116 128 138 148 158 168 178 188 198 219 229 239
119 111 112 113 114 117 129 139 149 159 169 179 189 199 209 230 240
120 112 113 114 115 118 130 140 150 160 170 180 190 200 210 220 241
110 113 114 115 116 119 131 141 151 161 171 181 191 201 211 221 231
123 129 131 122 124 130 0 11 22 33 44 55 66 77 88 99 110
124 130 121 123 125 131 1 12 23 34 45 56 67 78 89 100 111
125 131 122 124 126 121 2 13 24 35 46 57 68 79 90 101 112
126 121 123 125 127 122 3 14 25 36 47 58 69 80 91 102 113
127 122 124 126 128 123 4 15 26 37 48 59 70 81 92 103 114
128 123 125 127 129 124 5 16 27 38 49 60 71 82 93 104 115
129 124 126 128 130 125 6 17 28 39 50 61 72 83 94 105 116
130 125 127 129 131 126 7 18 29 40 51 62 73 84 95 106 117
131 126 128 130 121 127 8 19 30 41 52 63 74 85 96 107 118
121 127 129 131 122 128 9 20 31 42 53 64 75 86 97 108 119
122 128 130 121 123 129 10 21 32 43 54 65 76 87 98 109 120
134 140 142 133 135 141 0 21 31 41 51 61 71 81 91 101 111
135 141 132 134 136 142 1 11 32 42 52 62 72 82 92 102 112
136 142 133 135 137 132 2 12 22 43 53 63 73 83 93 103 113
137 132 134 136 138 133 3 13 23 33 54 64 74 84 94 104 114
138 133 135 137 139 134 4 14 24 34 44 65 75 85 95 105 115
139 134 136 138 140 135 5 15 25 35 45 55 76 86 96 106 116
140 135 137 139 141 136 6 16 26 36 46 56 66 87 97 107 117
141 136 138 140 142 137 7 17 27 37 47 57 67 77 98 108 118
142 137 139 141 132 138 8 18 28 38 48 58 68 78 88 109 119
132 138 140 142 133 139 9 19 29 39 49 59 69 79 89 99 120
133 139 141 132 134 140 10 20 30 40 50 60 70 80 90 100 110
145 151 153 144 146 152 0 20 29 38 47 56 76 85 94 103 112
146 152 143 145 147 153 1 21 30 39 48 57 66 86 95 104 113
147 153 144 146 148 143 2 11 31 40 49 58 67 87 96 105 114
148 143 145 147 149 144 3 12 32 41 50 59 68 77 97 106 115
149 144 146 148 150 145 4 13 22 42 51 60 69 78 98 107 116
150 145 147 149 151 146 5 14 23 43 52 61 70 79 88 108 117
151 146 148 150 152 147 6 15 24 33 53 62 71 80 89 109 118
152 147 149 151 153 148 7 16 25 34 54 63 72 81 90 99 119
153 148 150 152 143 149 8 17 26 35 44 64 73 82 91 100 120
143 149 151 153 144 150 9 18 27 36 45 65 74 83 92 101 110
144 150 152 143 145 151 10 19 28 37 46 55 75 84 93 102 111
156 162 164 155 157 163 0 19 27 35 54 62 70 78 97 105 113
157 163 154 156 158 164 1 20 28 36 44 63 71 79 98 106 114
158 164 155 157 159 154 2 21 29 37 45 64 72 80 88 107 115
159 154 156 158 160 155 3 11 30 38 46 65 73 81 89 108 116
160 155 157 159 161 156 4 12 31 39 47 55 74 82 90 109 117
161 156 158 160 162 157 5 13 32 40 48 56 75 83 91 99 118
162 157 159 161 163 158 6 14 22 41 49 57 76 84 92 100 119
163 158 160 162 164 159 7 15 23 42 50 58 66 85 93 101 120
164 159 161 163 154 160 8 16 24 43 51 59 67 86 94 102 110
154 160 162 164 155 161 9 17 25 33 52 60 68 87 95 103 111
155 161 163 154 156 162 10 18 26 34 53 61 69 77 96 104 112
167 173 175 166 168 174 0 18 25 43 50 57 75 82 89 107 114
168 174 165 167 169 175 1 19 26 33 51 58 76 83 90 108 115
169 175 166 168 170 165 2 20 27 34 52 59 66 84 91 109 116
170 165 167 169 171 166 3 21 28 35 53 60 67 85 92 99 117
171 166 168 170 172 167 4 11 29 36 54 61 68 86 93 100 118
172 167 169 171 173 168 5 12 30 37 44 62 69 87 94 101 119
173 168 170 172 174 169 6 13 31 38 45 63 70 77 95 102 120
174 169 171 173 175 170 7 14 32 39 46 64 71 78 96 103 110
175 170 172 174 165 171 8 15 22 40 47 65 72 79 97 104 111
165 171 173 175 166 172 9 16 23 41 48 55 73 80 98 105 112
166 172 174 165 167 173 10 17 24 42 49 56 74 81 88 106 113
178 184 186 177 179 185 0 17 23 40 46 63 69 86 92 109 115
179 185 176 178 180 186 1 18 24 41 47 64 70 87 93 99 116
180 186 177 179 181 176 2 19 25 42 48 65 71 77 94 100 117
181 176 178 180 182 177 3 20 26 43 49 55 72 78 95 101 118
182 177 179 181 183 178 4 21 27 33 50 56 73 79 96 102 119
183 178 180 182 184 179 5 11 28 34 51 57 74 80 97 103 120
184 179 181 183 185 180 6 12 29 35 52 58 75 81 98 104 110
185 180 182 184 186 181 7 13 30 36 53 59 76 82 88 105 111
186 181 183 185 176 182 8 14 31 37 54 60 66 83 89 106 112
176 182 184 186 177 183 9 15 32 38 44 61 67 84 90 107 113
177 183 185 176 178 184 10 16 22 39 45 62 68 85 91 108 114
189 195 197 188 190 196 0 16 32 37 53 58 74 79 95 100 116
190 196 187 189 191 197 1 17 22 38 54 59 75 80 96 101 117
191 197 188 190 192 187 2 18 23 39 44 60 76 81 97 102 118
192 187 189 191 193 188 3 19 24 40 45 61 66 82 98 103 119
193 188 190 192 194 189 4 20 25 41 46 62 67 83 88 104 120
194 189 191 193 195 190 5 21 26 42 47 63 68 84 89 105 110
195 190 192 194 196 191 6 11 27 43 48 64 69 85 90 106 111
196 191 193 195 197 192 7 12 28 33 49 65 70 86 91 107 112
197 192 194 196 187 193 8 13 29 34 50 55 71 87 92 108 113
187 193 195 197 188 194 9 14 30 35 51 56 72 77 93 109 114
188 194 196 187 189 195 10 15 31 36 52 57 73 78 94 99 115
200 206 208 199 201 207 0 15 30 34 49 64 68 83 98 102 117
201 207 198 200 202 208 1 16 31 35 50 65 69 84 88 103 118
202 208 199 201 203 198 2 17 32 36 51 55 70 85 89 104 119
203 198 200 202 204 199 3 18 22 37 52 56 71 86 90 105 120
204 199 201 203 205 200 4 19 23 38 53 57 72 87 91 106 110
205 200 202 204 206 201 5 20 24 39 54 58 73 77 92 107 111
206 201 203 205 207 202 6 21 25 40 44 59 74 78 93 108 112
207 202 204 206 208 203 7 11 26 41 45 60 75 79 94 109 113
208 203 205 207 198 204 8 12 27 42 46 61 76 80 95 99 114
198 204 206 208 199 205 9 13 28 43 47 62 66 81 96 100 115
199 205 207 198 200 206 10 14 29 33 48 63 67 82 97 101 116
211 217 219 210 212 218 0 14 28 42 45 59 73 87 90 104 118
212 218 209 211 213 219 1 15 29 43 46 60 74 77 91 105 119
213 219 210 212 214 209 2 16 30 33 47 61 75 78 92 106 120
214 209 211 213 215 210 3 17 31 34 48 62 76 79 93 107 110
215 210 212 214 216 211 4 18 32 35 49 63 66 80 94 108 111
216 211 213 215 217 212 5 19 22 36 50 64 67 81 95 109 112
217 212 214 216 218 213 6 20 23 37 51 65 68 82 96 99 113
218 213 215 217 219 214 7 21 24 38 52 55 69 83 97 100 114
219 214 216 218 209 215 8 11 25 39 53 56 70 84 98 101 115
209 215 217 219 210 216 9 12 26 40 54 57 71 85 88 102 116
210 216 218 209 211 217 10 13 27 41 44 58 72 86 89 103 117
222 228 230 221 223 229 0 13 26 39 52 65 67 80 93 106 119
223 229 220 222 224 230 1 14 27 40 53 55 68 81 94 107 120
224 230 221 223 225 220 2 15 28 41 54 56 69 82 95 108 110
225 220 222 224 226 221 3 16 29 42 44 57 70 83 96 109 111
226 221 223 225 227 222 4 17 30 43 45 58 71 84 97 99 112
227 222 224 226 228 223 5 18 31 33 46 59 72 85 98 100 113
228 223 225 227 229 224 6 19 32 34 47 60 73 86 88 101 114
229 224 226 228 230 225 7 20 22 35 48 61 74 87 89 102 115
230 225 227 229 220 226 8 21 23 36 49 62 75 77 90 103 116
220 226 228 230 221 227 9 11 24 37 50 63 76 78 91 104 117
221 227 229 220 222 228 10 12 25 38 51 64 66 79 92 105 118
233 239 241 232 234 240 0 12 24 36 48 60 72 84 96 108 120
234 240 231 233 235 241 1 13 25 37 49 61 73 85 97 109 110
235 241 232 234 236 231 2 14 26 38 50 62 74 86 98 99 111
236 231 233 235 237 232 3 15 27 39 51 63 75 87 88 100 112
237 232 234 236 238 233 4 16 28 40 52 64 76 77 89 101 113
238 233 235 237 239 234 5 17 29 41 53 65 66 78 90 102 114
239 234 236 238 240 235 6 18 30 42 54 55 67 79 91 103 115
240 235 237 239 241 236 7 19 31 43 44 56 68 80 92 104 116
241 236 238 240 231 237 8 20 32 33 45 57 69 81 93 105 117
231 237 239 241 232 238 9 21 22 34 46 58 70 82 94 106 118
232 238 240 231 233 239 10 11 23 35 47 59 71 83 95 107 119
