98 539
1 2 5 6 49 56 63 70 77 84 91
2 3 6 0 50 57 64 71 78 85 92
3 4 0 1 51 58 65 72 79 86 93
4 5 1 2 52 59 66 73 80 87 94
5 6 2 3 53 60 67 74 81 88 95
6 0 3 4 54 61 68 75 82 89 96
0 1 4 5 55 62 69 76 83 90 97
8 9 12 13 49 57 65 73 81 89 97
9 10 13 7 50 58 66 74 82 90 91
10 11 7 8 51 59 67 75 83 84 92
11 12 8 9 52 60 68 76 77 85 93
12 13 9 10 53 61 69 70 78 86 94
13 7 10 11 54 62 63 71 79 87 95
7 8 11 12 55 56 64 72 80 88 96
15 16 19 20 49 58 67 76 78 87 96
16 17 20 14 50 59 68 70 79 88 97
17 18 14 15 51 60 69 71 80 89 91
18 19 15 16 52 61 63 72 81 90 92
19 20 16 17 53 62 64 73 82 84 93
20 14 17 18 54 56 65 74 83 85 94
14 15 18 19 55 57 66 75 77 86 95
22 23 26 27 49 59 69 72 82 85 95
23 24 27 21 50 60 63 73 83 86 96
24 25 21 22 51 61 64 74 77 87 97
25 26 22 23 52 62 65 75 78 88 91
26 27 23 24 53 56 66 76 79 89 92
27 21 24 25 54 57 67 70 80 90 93
21 22 25 26 55 58 68 71 81 84 94
29 30 33 34 49 60 64 75 79 90 94
30 31 34 28 50 61 65 76 80 84 95
31 32 28 29 51 62 66 70 81 85 96
32 33 29 30 52 56 67 71 82 86 97
33 34 30 31 53 57 68 72 83 87 91
34 28 31 32 54 58 69 73 77 88 92
28 29 32 33 55 59 63 74 78 89 93
36 37 40 41 49 61 66 71 83 88 93
37 38 41 35 50 62 67 72 77 89 94
38 39 35 36 51 56 68 73 78 90 95
39 40 36 37 52 57 69 74 79 84 96
40 41 37 38 53 58 63 75 80 85 97
41 35 38 39 54 59 64 76 81 86 91
35 36 39 40 55 60 65 70 82 87 92
43 44 47 48 49 62 68 74 80 86 92
44 45 48 42 50 56 69 75 81 87 93
45 46 42 43 51 57 63 76 82 88 94
46 47 43 44 52 58 64 70 83 89 95
47 48 44 45 53 59 65 71 77 90 96
48 42 45 46 54 60 66 72 78 84 97
42 43 46 47 55 61 67 73 79 85 91
52 55 50 53 0 7 14 21 28 35 42
53 49 51 54 1 8 15 22 29 36 43
54 50 52 55 2 9 16 23 30 37 44
55 51 53 49 3 10 17 24 31 38 45
49 52 54 50 4 11 18 25 32 39 46
50 53 55 51 5 12 19 26 33 40 47
51 54 49 52 6 13 20 27 34 41 48
59 62 57 60 0 13 19 25 31 37 43
60 56 58 61 1 7 20 26 32 38 44
61 57 59 62 2 8 14 27 33 39 45
62 58 60 56 3 9 15 21 34 40 46
56 59 61 57 4 10 16 22 28 41 47
57 60 62 58 5 11 17 23 29 35 48
58 61 56 59 6 12 18 24 30 36 42
66 69 64 67 0 12 17 22 34 39 44
67 63 65 68 1 13 18 23 28 40 45
68 64 66 69 2 7 19 24 29 41 46
69 65 67 63 3 8 20 25 30 35 47
63 66 68 64 4 9 14 26 31 36 48
64 67 69 65 5 10 15 27 32 37 42
65 68 63 66 6 11 16 21 33 38 43
73 76 71 74 0 11 15 26 30 41 45
74 70 72 75 1 12 16 27 31 35 46
75 71 73 76 2 13 17 21 32 36 47
76 72 74 70 3 7 18 22 33 37 48
70 73 75 71 4 8 19 23 34 38 42
71 74 76 72 5 9 20 24 28 39 43
72 75 70 73 6 10 14 25 29 40 44
80 83 78 81 0 10 20 23 33 36 46
81 77 79 82 1 11 14 24 34 37 47
82 78 80 83 2 12 15 25 28 38 48
83 79 81 77 3 13 16 26 29 39 42
77 80 82 78 4 7 17 27 30 40 43
78 81 83 79 5 8 18 21 31 41 44
79 82 77 80 6 9 19 22 32 35 45
87 90 85 88 0 9 18 27 29 38 47
88 84 86 89 1 10 19 21 30 39 48
89 85 87 90 2 11 20 22 31 40 42
90 86 88 84 3 12 14 23 32 41 43
84 87 89 85 4 13 15 24 33 35 44
85 88 90 86 5 7 16 25 34 36 45
86 89 84 87 6 8 17 26 28 37 46
94 97 92 95 0 8 16 24 32 40 48
95 91 93 96 1 9 17 25 33 41 42
96 92 94 97 2 10 18 26 34 35 43
97 93 95 91 3 11 19 27 28 36 44
91 94 96 92 4 12 20 21 29 37 45
92 95 97 93 5 13 14 22 30 38 46
93 96 91 94 6 7 15 23 31 39 47
