578 7225
1 2 4 8 9 13 15 16 289 306 323 340 357 374 391 408 425 442 459 476 493 510 527 544 561
2 3 5 9 10 14 16 0 290 307 324 341 358 375 392 409 426 443 460 477 494 511 528 545 562
3 4 6 10 11 15 0 1 291 308 325 342 359 376 393 410 427 444 461 478 495 512 529 546 563
4 5 7 11 12 16 1 2 292 309 326 343 360 377 394 411 428 445 462 479 496 513 530 547 564
5 6 8 12 13 0 2 3 293 310 327 344 361 378 395 412 429 446 463 480 497 514 531 548 565
6 7 9 13 14 1 3 4 294 311 328 345 362 379 396 413 430 447 464 481 498 515 532 549 566
7 8 10 14 15 2 4 5 295 312 329 346 363 380 397 414 431 448 465 482 499 516 533 550 567
8 9 11 15 16 3 5 6 296 313 330 347 364 381 398 415 432 449 466 483 500 517 534 551 568
9 10 12 16 0 4 6 7 297 314 331 348 365 382 399 416 433 450 467 484 501 518 535 552 569
10 11 13 0 1 5 7 8 298 315 332 349 366 383 400 417 434 451 468 485 502 519 536 553 570
11 12 14 1 2 6 8 9 299 316 333 350 367 384 401 418 435 452 469 486 503 520 537 554 571
12 13 15 2 3 7 9 10 300 317 334 351 368 385 402 419 436 453 470 487 504 521 538 555 572
13 14 16 3 4 8 10 11 301 318 335 352 369 386 403 420 437 454 471 488 505 522 539 556 573
14 15 0 4 5 9 11 12 302 319 336 353 370 387 404 421 438 455 472 489 506 523 540 557 574
15 16 1 5 6 10 12 13 303 320 337 354 371 388 405 422 439 456 473 490 507 524 541 558 575
16 0 2 6 7 11 13 14 304 321 338 355 372 389 406 423 440 457 474 491 508 525 542 559 576
0 1 3 7 8 12 14 15 305 322 339 356 373 390 407 424 441 458 475 492 509 526 543 560 577
18 19 21 25 26 30 32 33 289 307 325 343 361 379 397 415 433 451 469 487 505 523 541 559 577
19 20 22 26 27 31 33 17 290 308 326 344 362 380 398 416 434 452 470 488 506 524 542 560 561
20 21 23 27 28 32 17 18 291 309 327 345 363 381 399 417 435 453 471 489 507 525 543 544 562
21 22 24 28 29 33 18 19 292 310 328 346 364 382 400 418 436 454 472 490 508 526 527 545 563
22 23 25 29 30 17 19 20 293 311 329 347 365 383 401 419 437 455 473 491 509 510 528 546 564
23 24 26 30 31 18 20 21 294 312 330 348 366 384 402 420 438 456 474 492 493 511 529 547 565
24 25 27 31 32 19 21 22 295 313 331 349 367 385 403 421 439 457 475 476 494 512 530 548 566
25 26 28 32 33 20 22 23 296 314 332 350 368 386 404 422 440 458 459 477 495 513 531 549 567
26 27 29 33 17 21 23 24 297 315 333 351 369 387 405 423 441 442 460 478 496 514 532 550 568
27 28 30 17 18 22 24 25 298 316 334 352 370 388 406 424 425 443 461 479 497 515 533 551 569
28 29 31 18 19 23 25 26 299 317 335 353 371 389 407 408 426 444 462 480 498 516 534 552 570
29 30 32 19 20 24 26 27 300 318 336 354 372 390 391 409 427 445 463 481 499 517 535 553 571
30 31 33 20 21 25 27 28 301 319 337 355 373 374 392 410 428 446 464 482 500 518 536 554 572
31 32 17 21 22 26 28 29 302 320 338 356 357 375 393 411 429 447 465 483 501 519 537 555 573
32 33 18 22 23 27 29 30 303 321 339 340 358 376 394 412 430 448 466 484 502 520 538 556 574
33 17 19 23 24 28 30 31 304 322 323 341 359 377 395 413 431 449 467 485 503 521 539 557 575
17 18 20 24 25 29 31 32 305 306 324 342 360 378 396 414 432 450 468 486 504 522 540 558 576
35 36 38 42 43 47 49 50 289 308 327 346 365 384 403 422 441 443 462 481 500 519 538 557 576
36 37 39 43 44 48 50 34 290 309 328 347 366 385 404 423 425 444 463 482 501 520 539 558 577
37 38 40 44 45 49 34 35 291 310 329 348 367 386 405 424 426 445 464 483 502 521 540 559 561
38 39 41 45 46 50 35 36 292 311 330 349 368 387 406 408 427 446 465 484 503 522 541 560 562
39 40 42 46 47 34 36 37 293 312 331 350 369 388 407 409 428 447 466 485 504 523 542 544 563
40 41 43 47 48 35 37 38 294 313 332 351 370 389 391 410 429 448 467 486 505 524 543 545 564
41 42 44 48 49 36 38 39 295 314 333 352 371 390 392 411 430 449 468 487 506 525 527 546 565
42 43 45 49 50 37 39 40 296 315 334 353 372 374 393 412 431 450 469 488 507 526 528 547 566
43 44 46 50 34 38 40 41 297 316 335 354 373 375 394 413 432 451 470 489 508 510 529 548 567
44 45 47 34 35 39 41 42 298 317 336 355 357 376 395 414 433 452 471 490 509 511 530 549 568
45 46 48 35 36 40 42 43 299 318 337 356 358 377 396 415 434 453 472 491 493 512 531 550 569
46 47 49 36 37 41 43 44 300 319 338 340 359 378 397 416 435 454 473 492 494 513 532 551 570
47 48 50 37 38 42 44 45 301 320 339 341 360 379 398 417 436 455 474 476 495 514 533 552 571
48 49 34 38 39 43 45 46 302 321 323 342 361 380 399 418 437 456 475 477 496 515 534 553 572
49 50 35 39 40 44 46 47 303 322 324 343 362 381 400 419 438 457 459 478 497 516 535 554 573
50 34 36 40 41 45 47 48 304 306 325 344 363 382 401 420 439 458 460 479 498 517 536 555 574
34 35 37 41 42 46 48 49 305 307 326 345 364 383 402 421 440 442 461 480 499 518 537 556 575
52 53 55 59 60 64 66 67 289 309 329 349 369 389 392 412 432 452 472 492 495 515 535 555 575
53 54 56 60 61 65 67 51 290 310 330 350 370 390 393 413 433 453 473 476 496 516 536 556 576
54 55 57 61 62 66 51 52 291 311 331 351 371 374 394 414 434 454 474 477 497 517 537 557 577
55 56 58 62 63 67 52 53 292 312 332 352 372 375 395 415 435 455 475 478 498 518 538 558 561
56 57 59 63 64 51 53 54 293 313 333 353 373 376 396 416 436 456 459 479 499 519 539 559 562
57 58 60 64 65 52 54 55 294 314 334 354 357 377 397 417 437 457 460 480 500 520 540 560 563
58 59 61 65 66 53 55 56 295 315 335 355 358 378 398 418 438 458 461 481 501 521 541 544 564
59 60 62 66 67 54 56 57 296 316 336 356 359 379 399 419 439 442 462 482 502 522 542 545 565
60 61 63 67 51 55 57 58 297 317 337 340 360 380 400 420 440 443 463 483 503 523 543 546 566
61 62 64 51 52 56 58 59 298 318 338 341 361 381 401 421 441 444 464 484 504 524 527 547 567
62 63 65 52 53 57 59 60 299 319 339 342 362 382 402 422 425 445 465 485 505 525 528 548 568
63 64 66 53 54 58 60 61 300 320 323 343 363 383 403 423 426 446 466 486 506 526 529 549 569
64 65 67 54 55 59 61 62 301 321 324 344 364 384 404 424 427 447 467 487 507 510 530 550 570
65 66 51 55 56 60 62 63 302 322 325 345 365 385 405 408 428 448 468 488 508 511 531 551 571
66 67 52 56 57 61 63 64 303 306 326 346 366 386 406 409 429 449 469 489 509 512 532 552 572
67 51 53 57 58 62 64 65 304 307 327 347 367 387 407 410 430 450 470 490 493 513 533 553 573
51 52 54 58 59 63 65 66 305 308 328 348 368 388 391 411 431 451 471 491 494 514 534 554 574
69 70 72 76 77 81 83 84 289 310 331 352 373 377 398 419 440 444 465 486 507 511 532 553 574
70 71 73 77 78 82 84 68 290 311 332 353 357 378 399 420 441 445 466 487 508 512 533 554 575
71 72 74 78 79 83 68 69 291 312 333 354 358 379 400 421 425 446 467 488 509 513 534 555 576
72 73 75 79 80 84 69 70 292 313 334 355 359 380 401 422 426 447 468 489 493 514 535 556 577
73 74 76 80 81 68 70 71 293 314 335 356 360 381 402 423 427 448 469 490 494 515 536 557 561
74 75 77 81 82 69 71 72 294 315 336 340 361 382 403 424 428 449 470 491 495 516 537 558 562
75 76 78 82 83 70 72 73 295 316 337 341 362 383 404 408 429 450 471 492 496 517 538 559 563
76 77 79 83 84 71 73 74 296 317 338 342 363 384 405 409 430 451 472 476 497 518 539 560 564
77 78 80 84 68 72 74 75 297 318 339 343 364 385 406 410 431 452 473 477 498 519 540 544 565
78 79 81 68 69 73 75 76 298 319 323 344 365 386 407 411 432 453 474 478 499 520 541 545 566
79 80 82 69 70 74 76 77 299 320 324 345 366 387 391 412 433 454 475 479 500 521 542 546 567
80 81 83 70 71 75 77 78 300 321 325 346 367 388 392 413 434 455 459 480 501 522 543 547 568
81 82 84 71 72 76 78 79 301 322 326 347 368 389 393 414 435 456 460 481 502 523 527 548 569
82 83 68 72 73 77 79 80 302 306 327 348 369 390 394 415 436 457 461 482 503 524 528 549 570
83 84 69 73 74 78 80 81 303 307 328 349 370 374 395 416 437 458 462 483 504 525 529 550 571
84 68 70 74 75 79 81 82 304 308 329 350 371 375 396 417 438 442 463 484 505 526 530 551 572
68 69 71 75 76 80 82 83 305 309 330 351 372 376 397 418 439 443 464 485 506 510 531 552 573
86 87 89 93 94 98 100 101 289 311 333 355 360 382 404 409 431 453 475 480 502 524 529 551 573
87 88 90 94 95 99 101 85 290 312 334 356 361 383 405 410 432 454 459 481 503 525 530 552 574
88 89 91 95 96 100 85 86 291 313 335 340 362 384 406 411 433 455 460 482 504 526 531 553 575
89 90 92 96 97 101 86 87 292 314 336 341 363 385 407 412 434 456 461 483 505 510 532 554 576
90 91 93 97 98 85 87 88 293 315 337 342 364 386 391 413 435 457 462 484 506 511 533 555 577
91 92 94 98 99 86 88 89 294 316 338 343 365 387 392 414 436 458 463 485 507 512 534 556 561
92 93 95 99 100 87 89 90 295 317 339 344 366 388 393 415 437 442 464 486 508 513 535 557 562
93 94 96 100 101 88 90 91 296 318 323 345 367 389 394 416 438 443 465 487 509 514 536 558 563
94 95 97 101 85 89 91 92 297 319 324 346 368 390 395 417 439 444 466 488 493 515 537 559 564
95 96 98 85 86 90 92 93 298 320 325 347 369 374 396 418 440 445 467 489 494 516 538 560 565
96 97 99 86 87 91 93 94 299 321 326 348 370 375 397 419 441 446 468 490 495 517 539 544 566
97 98 100 87 88 92 94 95 300 322 327 349 371 376 398 420 425 447 469 491 496 518 540 545 567
98 99 101 88 89 93 95 96 301 306 328 350 372 377 399 421 426 448 470 492 497 519 541 546 568
99 100 85 89 90 94 96 97 302 307 329 351 373 378 400 422 427 449 471 476 498 520 542 547 569
100 101 86 90 91 95 97 98 303 308 330 352 357 379 401 423 428 450 472 477 499 521 543 548 570
101 85 87 91 92 96 98 99 304 309 331 353 358 380 402 424 429 451 473 478 500 522 527 549 571
85 86 88 92 93 97 99 100 305 310 332 354 359 381 403 408 430 452 474 479 501 523 528 550 572
103 104 106 110 111 115 117 118 289 312 335 341 364 387 393 416 439 445 468 491 497 520 543 549 572
104 105 107 111 112 116 118 102 290 313 336 342 365 388 394 417 440 446 469 492 498 521 527 550 573
105 106 108 112 113 117 102 103 291 314 337 343 366 389 395 418 441 447 470 476 499 522 528 551 574
106 107 109 113 114 118 103 104 292 315 338 344 367 390 396 419 425 448 471 477 500 523 529 552 575
107 108 110 114 115 102 104 105 293 316 339 345 368 374 397 420 426 449 472 478 501 524 530 553 576
108 109 111 115 116 103 105 106 294 317 323 346 369 375 398 421 427 450 473 479 502 525 531 554 577
109 110 112 116 117 104 106 107 295 318 324 347 370 376 399 422 428 451 474 480 503 526 532 555 561
110 111 113 117 118 105 107 108 296 319 325 348 371 377 400 423 429 452 475 481 504 510 533 556 562
111 112 114 118 102 106 108 109 297 320 326 349 372 378 401 424 430 453 459 482 505 511 534 557 563
112 113 115 102 103 107 109 110 298 321 327 350 373 379 402 408 431 454 460 483 506 512 535 558 564
113 114 116 103 104 108 110 111 299 322 328 351 357 380 403 409 432 455 461 484 507 513 536 559 565
114 115 117 104 105 109 111 112 300 306 329 352 358 381 404 410 433 456 462 485 508 514 537 560 566
115 116 118 105 106 110 112 113 301 307 330 353 359 382 405 411 434 457 463 486 509 515 538 544 567
116 117 102 106 107 111 113 114 302 308 331 354 360 383 406 412 435 458 464 487 493 516 539 545 568
117 118 103 107 108 112 114 115 303 309 332 355 361 384 407 413 436 442 465 488 494 517 540 546 569
118 102 104 108 109 113 115 116 304 310 333 356 362 385 391 414 437 443 466 489 495 518 541 547 570
102 103 105 109 110 114 116 117 305 311 334 340 363 386 392 415 438 444 467 490 496 519 542 548 571
120 121 123 127 128 132 134 135 289 313 337 344 368 375 399 423 430 454 461 485 509 516 540 547 571
121 122 124 128 129 133 135 119 290 314 338 345 369 376 400 424 431 455 462 486 493 517 541 548 572
122 123 125 129 130 134 119 120 291 315 339 346 370 377 401 408 432 456 463 487 494 518 542 549 573
123 124 126 130 131 135 120 121 292 316 323 347 371 378 402 409 433 457 464 488 495 519 543 550 574
124 125 127 131 132 119 121 122 293 317 324 348 372 379 403 410 434 458 465 489 496 520 527 551 575
125 126 128 132 133 120 122 123 294 318 325 349 373 380 404 411 435 442 466 490 497 521 528 552 576
126 127 129 133 134 121 123 124 295 319 326 350 357 381 405 412 436 443 467 491 498 522 529 553 577
127 128 130 134 135 122 124 125 296 320 327 351 358 382 406 413 437 444 468 492 499 523 530 554 561
128 129 131 135 119 123 125 126 297 321 328 352 359 383 407 414 438 445 469 476 500 524 531 555 562
129 130 132 119 120 124 126 127 298 322 329 353 360 384 391 415 439 446 470 477 501 525 532 556 563
130 131 133 120 121 125 127 128 299 306 330 354 361 385 392 416 440 447 471 478 502 526 533 557 564
131 132 134 121 122 126 128 129 300 307 331 355 362 386 393 417 441 448 472 479 503 510 534 558 565
132 133 135 122 123 127 129 130 301 308 332 356 363 387 394 418 425 449 473 480 504 511 535 559 566
133 134 119 123 124 128 130 131 302 309 333 340 364 388 395 419 426 450 474 481 505 512 536 560 567
134 135 120 124 125 129 131 132 303 310 334 341 365 389 396 420 427 451 475 482 506 513 537 544 568
135 119 121 125 126 130 132 133 304 311 335 342 366 390 397 421 428 452 459 483 507 514 538 545 569
119 120 122 126 127 131 133 134 305 312 336 343 367 374 398 422 429 453 460 484 508 515 539 546 570
137 138 140 144 145 149 151 152 289 314 339 347 372 380 405 413 438 446 471 479 504 512 537 545 570
138 139 141 145 146 150 152 136 290 315 323 348 373 381 406 414 439 447 472 480 505 513 538 546 571
139 140 142 146 147 151 136 137 291 316 324 349 357 382 407 415 440 448 473 481 506 514 539 547 572
140 141 143 147 148 152 137 138 292 317 325 350 358 383 391 416 441 449 474 482 507 515 540 548 573
141 142 144 148 149 136 138 139 293 318 326 351 359 384 392 417 425 450 475 483 508 516 541 549 574
142 143 145 149 150 137 139 140 294 319 327 352 360 385 393 418 426 451 459 484 509 517 542 550 575
143 144 146 150 151 138 140 141 295 320 328 353 361 386 394 419 427 452 460 485 493 518 543 551 576
144 145 147 151 152 139 141 142 296 321 329 354 362 387 395 420 428 453 461 486 494 519 527 552 577
145 146 148 152 136 140 142 143 297 322 330 355 363 388 396 421 429 454 462 487 495 520 528 553 561
146 147 149 136 137 141 143 144 298 306 331 356 364 389 397 422 430 455 463 488 496 521 529 554 562
147 148 150 137 138 142 144 145 299 307 332 340 365 390 398 423 431 456 464 489 497 522 530 555 563
148 149 151 138 139 143 145 146 300 308 333 341 366 374 399 424 432 457 465 490 498 523 531 556 564
149 150 152 139 140 144 146 147 301 309 334 342 367 375 400 408 433 458 466 491 499 524 532 557 565
150 151 136 140 141 145 147 148 302 310 335 343 368 376 401 409 434 442 467 492 500 525 533 558 566
151 152 137 141 142 146 148 149 303 311 336 344 369 377 402 410 435 443 468 476 501 526 534 559 567
152 136 138 142 143 147 149 150 304 312 337 345 370 378 403 411 436 444 469 477 502 510 535 560 568
136 137 139 143 144 148 150 151 305 313 338 346 371 379 404 412 437 445 470 478 503 511 536 544 569
154 155 157 161 162 166 168 169 289 315 324 350 359 385 394 420 429 455 464 490 499 525 534 560 569
155 156 158 162 163 167 169 153 290 316 325 351 360 386 395 421 430 456 465 491 500 526 535 544 570
156 157 159 163 164 168 153 154 291 317 326 352 361 387 396 422 431 457 466 492 501 510 536 545 571
157 158 160 164 165 169 154 155 292 318 327 353 362 388 397 423 432 458 467 476 502 511 537 546 572
158 159 161 165 166 153 155 156 293 319 328 354 363 389 398 424 433 442 468 477 503 512 538 547 573
159 160 162 166 167 154 156 157 294 320 329 355 364 390 399 408 434 443 469 478 504 513 539 548 574
160 161 163 167 168 155 157 158 295 321 330 356 365 374 400 409 435 444 470 479 505 514 540 549 575
161 162 164 168 169 156 158 159 296 322 331 340 366 375 401 410 436 445 471 480 506 515 541 550 576
162 163 165 169 153 157 159 160 297 306 332 341 367 376 402 411 437 446 472 481 507 516 542 551 577
163 164 166 153 154 158 160 161 298 307 333 342 368 377 403 412 438 447 473 482 508 517 543 552 561
164 165 167 154 155 159 161 162 299 308 334 343 369 378 404 413 439 448 474 483 509 518 527 553 562
165 166 168 155 156 160 162 163 300 309 335 344 370 379 405 414 440 449 475 484 493 519 528 554 563
166 167 169 156 157 161 163 164 301 310 336 345 371 380 406 415 441 450 459 485 494 520 529 555 564
167 168 153 157 158 162 164 165 302 311 337 346 372 381 407 416 425 451 460 486 495 521 530 556 565
168 169 154 158 159 163 165 166 303 312 338 347 373 382 391 417 426 452 461 487 496 522 531 557 566
169 153 155 159 160 164 166 167 304 313 339 348 357 383 392 418 427 453 462 488 497 523 532 558 567
153 154 156 160 161 165 167 168 305 314 323 349 358 384 393 419 428 454 463 489 498 524 533 559 568
171 172 174 178 179 183 185 186 289 316 326 353 363 390 400 410 437 447 474 484 494 521 531 558 568
172 173 175 179 180 184 186 170 290 317 327 354 364 374 401 411 438 448 475 485 495 522 532 559 569
173 174 176 180 181 185 170 171 291 318 328 355 365 375 402 412 439 449 459 486 496 523 533 560 570
174 175 177 181 182 186 171 172 292 319 329 356 366 376 403 413 440 450 460 487 497 524 534 544 571
175 176 178 182 183 170 172 173 293 320 330 340 367 377 404 414 441 451 461 488 498 525 535 545 572
176 177 179 183 184 171 173 174 294 321 331 341 368 378 405 415 425 452 462 489 499 526 536 546 573
177 178 180 184 185 172 174 175 295 322 332 342 369 379 406 416 426 453 463 490 500 510 537 547 574
178 179 181 185 186 173 175 176 296 306 333 343 370 380 407 417 427 454 464 491 501 511 538 548 575
179 180 182 186 170 174 176 177 297 307 334 344 371 381 391 418 428 455 465 492 502 512 539 549 576
180 181 183 170 171 175 177 178 298 308 335 345 372 382 392 419 429 456 466 476 503 513 540 550 577
181 182 184 171 172 176 178 179 299 309 336 346 373 383 393 420 430 457 467 477 504 514 541 551 561
182 183 185 172 173 177 179 180 300 310 337 347 357 384 394 421 431 458 468 478 505 515 542 552 562
183 184 186 173 174 178 180 181 301 311 338 348 358 385 395 422 432 442 469 479 506 516 543 553 563
184 185 170 174 175 179 181 182 302 312 339 349 359 386 396 423 433 443 470 480 507 517 527 554 564
185 186 171 175 176 180 182 183 303 313 323 350 360 387 397 424 434 444 471 481 508 518 528 555 565
186 170 172 176 177 181 183 184 304 314 324 351 361 388 398 408 435 445 472 482 509 519 529 556 566
170 171 173 177 178 182 184 185 305 315 325 352 362 389 399 409 436 446 473 483 493 520 530 557 567
188 189 191 195 196 200 202 203 289 317 328 356 367 378 406 417 428 456 467 478 506 517 528 556 567
189 190 192 196 197 201 203 187 290 318 329 340 368 379 407 418 429 457 468 479 507 518 529 557 568
190 191 193 197 198 202 187 188 291 319 330 341 369 380 391 419 430 458 469 480 508 519 530 558 569
191 192 194 198 199 203 188 189 292 320 331 342 370 381 392 420 431 442 470 481 509 520 531 559 570
192 193 195 199 200 187 189 190 293 321 332 343 371 382 393 421 432 443 471 482 493 521 532 560 571
193 194 196 200 201 188 190 191 294 322 333 344 372 383 394 422 433 444 472 483 494 522 533 544 572
194 195 197 201 202 189 191 192 295 306 334 345 373 384 395 423 434 445 473 484 495 523 534 545 573
195 196 198 202 203 190 192 193 296 307 335 346 357 385 396 424 435 446 474 485 496 524 535 546 574
196 197 199 203 187 191 193 194 297 308 336 347 358 386 397 408 436 447 475 486 497 525 536 547 575
197 198 200 187 188 192 194 195 298 309 337 348 359 387 398 409 437 448 459 487 498 526 537 548 576
198 199 201 188 189 193 195 196 299 310 338 349 360 388 399 410 438 449 460 488 499 510 538 549 577
199 200 202 189 190 194 196 197 300 311 339 350 361 389 400 411 439 450 461 489 500 511 539 550 561
200 201 203 190 191 195 197 198 301 312 323 351 362 390 401 412 440 451 462 490 501 512 540 551 562
201 202 187 191 192 196 198 199 302 313 324 352 363 374 402 413 441 452 463 491 502 513 541 552 563
202 203 188 192 193 197 199 200 303 314 325 353 364 375 403 414 425 453 464 492 503 514 542 553 564
203 187 189 193 194 198 200 201 304 315 326 354 365 376 404 415 426 454 465 476 504 515 543 554 565
187 188 190 194 195 199 201 202 305 316 327 355 366 377 405 416 427 455 466 477 505 516 527 555 566
205 206 208 212 213 217 219 220 289 318 330 342 371 383 395 424 436 448 460 489 501 513 542 554 566
206 207 209 213 214 218 220 204 290 319 331 343 372 384 396 408 437 449 461 490 502 514 543 555 567
207 208 210 214 215 219 204 205 291 320 332 344 373 385 397 409 438 450 462 491 503 515 527 556 568
208 209 211 215 216 220 205 206 292 321 333 345 357 386 398 410 439 451 463 492 504 516 528 557 569
209 210 212 216 217 204 206 207 293 322 334 346 358 387 399 411 440 452 464 476 505 517 529 558 570
210 211 213 217 218 205 207 208 294 306 335 347 359 388 400 412 441 453 465 477 506 518 530 559 571
211 212 214 218 219 206 208 209 295 307 336 348 360 389 401 413 425 454 466 478 507 519 531 560 572
212 213 215 219 220 207 209 210 296 308 337 349 361 390 402 414 426 455 467 479 508 520 532 544 573
213 214 216 220 204 208 210 211 297 309 338 350 362 374 403 415 427 456 468 480 509 521 533 545 574
214 215 217 204 205 209 211 212 298 310 339 351 363 375 404 416 428 457 469 481 493 522 534 546 575
215 216 218 205 206 210 212 213 299 311 323 352 364 376 405 417 429 458 470 482 494 523 535 547 576
216 217 219 206 207 211 213 214 300 312 324 353 365 377 406 418 430 442 471 483 495 524 536 548 577
217 218 220 207 208 212 214 215 301 313 325 354 366 378 407 419 431 443 472 484 496 525 537 549 561
218 219 204 208 209 213 215 216 302 314 326 355 367 379 391 420 432 444 473 485 497 526 538 550 562
219 220 205 209 210 214 216 217 303 315 327 356 368 380 392 421 433 445 474 486 498 510 539 551 563
220 204 206 210 211 215 217 218 304 316 328 340 369 381 393 422 434 446 475 487 499 511 540 552 564
204 205 207 211 212 216 218 219 305 317 329 341 370 382 394 423 435 447 459 488 500 512 541 553 565
222 223 225 229 230 234 236 237 289 319 332 345 358 388 401 414 427 457 470 483 496 526 539 552 565
223 224 226 230 231 235 237 221 290 320 333 346 359 389 402 415 428 458 471 484 497 510 540 553 566
224 225 227 231 232 236 221 222 291 321 334 347 360 390 403 416 429 442 472 485 498 511 541 554 567
225 226 228 232 233 237 222 223 292 322 335 348 361 374 404 417 430 443 473 486 499 512 542 555 568
226 227 229 233 234 221 223 224 293 306 336 349 362 375 405 418 431 444 474 487 500 513 543 556 569
227 228 230 234 235 222 224 225 294 307 337 350 363 376 406 419 432 445 475 488 501 514 527 557 570
228 229 231 235 236 223 225 226 295 308 338 351 364 377 407 420 433 446 459 489 502 515 528 558 571
229 230 232 236 237 224 226 227 296 309 339 352 365 378 391 421 434 447 460 490 503 516 529 559 572
230 231 233 237 221 225 227 228 297 310 323 353 366 379 392 422 435 448 461 491 504 517 530 560 573
231 232 234 221 222 226 228 229 298 311 324 354 367 380 393 423 436 449 462 492 505 518 531 544 574
232 233 235 222 223 227 229 230 299 312 325 355 368 381 394 424 437 450 463 476 506 519 532 545 575
233 234 236 223 224 228 230 231 300 313 326 356 369 382 395 408 438 451 464 477 507 520 533 546 576
234 235 237 224 225 229 231 232 301 314 327 340 370 383 396 409 439 452 465 478 508 521 534 547 577
235 236 221 225 226 230 232 233 302 315 328 341 371 384 397 410 440 453 466 479 509 522 535 548 561
236 237 222 226 227 231 233 234 303 316 329 342 372 385 398 411 441 454 467 480 493 523 536 549 562
237 221 223 227 228 232 234 235 304 317 330 343 373 386 399 412 425 455 468 481 494 524 537 550 563
221 222 224 228 229 233 235 236 305 318 331 344 357 387 400 413 426 456 469 482 495 525 538 551 564
239 240 242 246 247 251 253 254 289 320 334 348 362 376 407 421 435 449 463 477 508 522 536 550 564
240 241 243 247 248 252 254 238 290 321 335 349 363 377 391 422 436 450 464 478 509 523 537 551 565
241 242 244 248 249 253 238 239 291 322 336 350 364 378 392 423 437 451 465 479 493 524 538 552 566
242 243 245 249 250 254 239 240 292 306 337 351 365 379 393 424 438 452 466 480 494 525 539 553 567
243 244 246 250 251 238 240 241 293 307 338 352 366 380 394 408 439 453 467 481 495 526 540 554 568
244 245 247 251 252 239 241 242 294 308 339 353 367 381 395 409 440 454 468 482 496 510 541 555 569
245 246 248 252 253 240 242 243 295 309 323 354 368 382 396 410 441 455 469 483 497 511 542 556 570
246 247 249 253 254 241 243 244 296 310 324 355 369 383 397 411 425 456 470 484 498 512 543 557 571
247 248 250 254 238 242 244 245 297 311 325 356 370 384 398 412 426 457 471 485 499 513 527 558 572
248 249 251 238 239 243 245 246 298 312 326 340 371 385 399 413 427 458 472 486 500 514 528 559 573
249 250 252 239 240 244 246 247 299 313 327 341 372 386 400 414 428 442 473 487 501 515 529 560 574
250 251 253 240 241 245 247 248 300 314 328 342 373 387 401 415 429 443 474 488 502 516 530 544 575
251 252 254 241 242 246 248 249 301 315 329 343 357 388 402 416 430 444 475 489 503 517 531 545 576
252 253 238 242 243 247 249 250 302 316 330 344 358 389 403 417 431 445 459 490 504 518 532 546 577
253 254 239 243 244 248 250 251 303 317 331 345 359 390 404 418 432 446 460 491 505 519 533 547 561
254 238 240 244 245 249 251 252 304 318 332 346 360 374 405 419 433 447 461 492 506 520 534 548 562
238 239 241 245 246 250 252 253 305 319 333 347 361 375 406 420 434 448 462 476 507 521 535 549 563
256 257 259 263 264 268 270 271 289 321 336 351 366 381 396 411 426 458 473 488 503 518 533 548 563
257 258 260 264 265 269 271 255 290 322 337 352 367 382 397 412 427 442 474 489 504 519 534 549 564
258 259 261 265 266 270 255 256 291 306 338 353 368 383 398 413 428 443 475 490 505 520 535 550 565
259 260 262 266 267 271 256 257 292 307 339 354 369 384 399 414 429 444 459 491 506 521 536 551 566
260 261 263 267 268 255 257 258 293 308 323 355 370 385 400 415 430 445 460 492 507 522 537 552 567
261 262 264 268 269 256 258 259 294 309 324 356 371 386 401 416 431 446 461 476 508 523 538 553 568
262 263 265 269 270 257 259 260 295 310 325 340 372 387 402 417 432 447 462 477 509 524 539 554 569
263 264 266 270 271 258 260 261 296 311 326 341 373 388 403 418 433 448 463 478 493 525 540 555 570
264 265 267 271 255 259 261 262 297 312 327 342 357 389 404 419 434 449 464 479 494 526 541 556 571
265 266 268 255 256 260 262 263 298 313 328 343 358 390 405 420 435 450 465 480 495 510 542 557 572
266 267 269 256 257 261 263 264 299 314 329 344 359 374 406 421 436 451 466 481 496 511 543 558 573
267 268 270 257 258 262 264 265 300 315 330 345 360 375 407 422 437 452 467 482 497 512 527 559 574
268 269 271 258 259 263 265 266 301 316 331 346 361 376 391 423 438 453 468 483 498 513 528 560 575
269 270 255 259 260 264 266 267 302 317 332 347 362 377 392 424 439 454 469 484 499 514 529 544 576
270 271 256 260 261 265 267 268 303 318 333 348 363 378 393 408 440 455 470 485 500 515 530 545 577
271 255 257 261 262 266 268 269 304 319 334 349 364 379 394 409 441 456 471 486 501 516 531 546 561
255 256 258 262 263 267 269 270 305 320 335 350 365 380 395 410 425 457 472 487 502 517 532 547 562
273 274 276 280 281 285 287 288 289 322 338 354 370 386 402 418 434 450 466 482 498 514 530 546 562
274 275 277 281 282 286 288 272 290 306 339 355 371 387 403 419 435 451 467 483 499 515 531 547 563
275 276 278 282 283 287 272 273 291 307 323 356 372 388 404 420 436 452 468 484 500 516 532 548 564
276 277 279 283 284 288 273 274 292 308 324 340 373 389 405 421 437 453 469 485 501 517 533 549 565
277 278 280 284 285 272 274 275 293 309 325 341 357 390 406 422 438 454 470 486 502 518 534 550 566
278 279 281 285 286 273 275 276 294 310 326 342 358 374 407 423 439 455 471 487 503 519 535 551 567
279 280 282 286 287 274 276 277 295 311 327 343 359 375 391 424 440 456 472 488 504 520 536 552 568
280 281 283 287 288 275 277 278 296 312 328 344 360 376 392 408 441 457 473 489 505 521 537 553 569
281 282 284 288 272 276 278 279 297 313 329 345 361 377 393 409 425 458 474 490 506 522 538 554 570
282 283 285 272 273 277 279 280 298 314 330 346 362 378 394 410 426 442 475 491 507 523 539 555 571
283 284 286 273 274 278 280 281 299 315 331 347 363 379 395 411 427 443 459 492 508 524 540 556 572
284 285 287 274 275 279 281 282 300 316 332 348 364 380 396 412 428 444 460 476 509 525 541 557 573
285 286 288 275 276 280 282 283 301 317 333 349 365 381 397 413 429 445 461 477 493 526 542 558 574
286 287 272 276 277 281 283 284 302 318 334 350 366 382 398 414 430 446 462 478 494 510 543 559 575
287 288 273 277 278 282 284 285 303 319 335 351 367 383 399 415 431 447 463 479 495 511 527 560 576
288 272 274 278 279 283 285 286 304 320 336 352 368 384 400 416 432 448 464 480 496 512 528 544 577
272 273 275 279 280 284 286 287 305 321 337 353 369 385 401 417 433 449 465 481 497 513 529 545 561
292 295 301 296 299 294 300 303 0 17 34 51 68 85 102 119 136 153 170 187 204 221 238 255 272
293 296 302 297 300 295 301 304 1 18 35 52 69 86 103 120 137 154 171 188 205 222 239 256 273
294 297 303 298 301 296 302 305 2 19 36 53 70 87 104 121 138 155 172 189 206 223 240 257 274
295 298 304 299 302 297 303 289 3 20 37 54 71 88 105 122 139 156 173 190 207 224 241 258 275
296 299 305 300 303 298 304 290 4 21 38 55 72 89 106 123 140 157 174 191 208 225 242 259 276
297 300 289 301 304 299 305 291 5 22 39 56 73 90 107 124 141 158 175 192 209 226 243 260 277
298 301 290 302 305 300 289 292 6 23 40 57 74 91 108 125 142 159 176 193 210 227 244 261 278
299 302 291 303 289 301 290 293 7 24 41 58 75 92 109 126 143 160 177 194 211 228 245 262 279
300 303 292 304 290 302 291 294 8 25 42 59 76 93 110 127 144 161 178 195 212 229 246 263 280
301 304 293 305 291 303 292 295 9 26 43 60 77 94 111 128 145 162 179 196 213 230 247 264 281
302 305 294 289 292 304 293 296 10 27 44 61 78 95 112 129 146 163 180 197 214 231 248 265 282
303 289 295 290 293 305 294 297 11 28 45 62 79 96 113 130 147 164 181 198 215 232 249 266 283
304 290 296 291 294 289 295 298 12 29 46 63 80 97 114 131 148 165 182 199 216 233 250 267 284
305 291 297 292 295 290 296 299 13 30 47 64 81 98 115 132 149 166 183 200 217 234 251 268 285
289 292 298 293 296 291 297 300 14 31 48 65 82 99 116 133 150 167 184 201 218 235 252 269 286
290 293 299 294 297 292 298 301 15 32 49 66 83 100 117 134 151 168 185 202 219 236 253 270 287
291 294 300 295 298 293 299 302 16 33 50 67 84 101 118 135 152 169 186 203 220 237 254 271 288
309 312 318 313 316 311 317 320 0 33 49 65 81 97 113 129 145 161 177 193 209 225 241 257 273
310 313 319 314 317 312 318 321 1 17 50 66 82 98 114 130 146 162 178 194 210 226 242 258 274
311 314 320 315 318 313 319 322 2 18 34 67 83 99 115 131 147 163 179 195 211 227 243 259 275
312 315 321 316 319 314 320 306 3 19 35 51 84 100 116 132 148 164 180 196 212 228 244 260 276
313 316 322 317 320 315 321 307 4 20 36 52 68 101 117 133 149 165 181 197 213 229 245 261 277
314 317 306 318 321 316 322 308 5 21 37 53 69 85 118 134 150 166 182 198 214 230 246 262 278
315 318 307 319 322 317 306 309 6 22 38 54 70 86 102 135 151 167 183 199 215 231 247 263 279
316 319 308 320 306 318 307 310 7 23 39 55 71 87 103 119 152 168 184 200 216 232 248 264 280
317 320 309 321 307 319 308 311 8 24 40 56 72 88 104 120 136 169 185 201 217 233 249 265 281
318 321 310 322 308 320 309 312 9 25 41 57 73 89 105 121 137 153 186 202 218 234 250 266 282
319 322 311 306 309 321 310 313 10 26 42 58 74 90 106 122 138 154 170 203 219 235 251 267 283
320 306 312 307 310 322 311 314 11 27 43 59 75 91 107 123 139 155 171 187 220 236 252 268 284
321 307 313 308 311 306 312 315 12 28 44 60 76 92 108 124 140 156 172 188 204 237 253 269 285
322 308 314 309 312 307 313 316 13 29 45 61 77 93 109 125 141 157 173 189 205 221 254 270 286
306 309 315 310 313 308 314 317 14 30 46 62 78 94 110 126 142 158 174 190 206 222 238 271 287
307 310 316 311 314 309 315 318 15 31 47 63 79 95 111 127 143 159 175 191 207 223 239 255 288
308 311 317 312 315 310 316 319 16 32 48 64 80 96 112 128 144 160 176 192 208 224 240 256 272
326 329 335 330 333 328 334 337 0 32 47 62 77 92 107 122 137 169 184 199 214 229 244 259 274
327 330 336 331 334 329 335 338 1 33 48 63 78 93 108 123 138 153 185 200 215 230 245 260 275
328 331 337 332 335 330 336 339 2 17 49 64 79 94 109 124 139 154 186 201 216 231 246 261 276
329 332 338 333 336 331 337 323 3 18 50 65 80 95 110 125 140 155 170 202 217 232 247 262 277
330 333 339 334 337 332 338 324 4 19 34 66 81 96 111 126 141 156 171 203 218 233 248 263 278
331 334 323 335 338 333 339 325 5 20 35 67 82 97 112 127 142 157 172 187 219 234 249 264 279
332 335 324 336 339 334 323 326 6 21 36 51 83 98 113 128 143 158 173 188 220 235 250 265 280
333 336 325 337 323 335 324 327 7 22 37 52 84 99 114 129 144 159 174 189 204 236 251 266 281
334 337 326 338 324 336 325 328 8 23 38 53 68 100 115 130 145 160 175 190 205 237 252 267 282
335 338 327 339 325 337 326 329 9 24 39 54 69 101 116 131 146 161 176 191 206 221 253 268 283
336 339 328 323 326 338 327 330 10 25 40 55 70 85 117 132 147 162 177 192 207 222 254 269 284
337 323 329 324 327 339 328 331 11 26 41 56 71 86 118 133 148 163 178 193 208 223 238 270 285
338 324 330 325 328 323 329 332 12 27 42 57 72 87 102 134 149 164 179 194 209 224 239 271 286
339 325 331 326 329 324 330 333 13 28 43 58 73 88 103 135 150 165 180 195 210 225 240 255 287
323 326 332 327 330 325 331 334 14 29 44 59 74 89 104 119 151 166 181 196 211 226 241 256 288
324 327 333 328 331 326 332 335 15 30 45 60 75 90 105 120 152 167 182 197 212 227 242 257 272
325 328 334 329 332 327 333 336 16 31 46 61 76 91 106 121 136 168 183 198 213 228 243 258 273
343 346 352 347 350 345 351 354 0 31 45 59 73 87 118 132 146 160 174 188 219 233 247 261 275
344 347 353 348 351 346 352 355 1 32 46 60 74 88 102 133 147 161 175 189 220 234 248 262 276
345 348 354 349 352 347 353 356 2 33 47 61 75 89 103 134 148 162 176 190 204 235 249 263 277
346 349 355 350 353 348 354 340 3 17 48 62 76 90 104 135 149 163 177 191 205 236 250 264 278
347 350 356 351 354 349 355 341 4 18 49 63 77 91 105 119 150 164 178 192 206 237 251 265 279
348 351 340 352 355 350 356 342 5 19 50 64 78 92 106 120 151 165 179 193 207 221 252 266 280
349 352 341 353 356 351 340 343 6 20 34 65 79 93 107 121 152 166 180 194 208 222 253 267 281
350 353 342 354 340 352 341 344 7 21 35 66 80 94 108 122 136 167 181 195 209 223 254 268 282
351 354 343 355 341 353 342 345 8 22 36 67 81 95 109 123 137 168 182 196 210 224 238 269 283
352 355 344 356 342 354 343 346 9 23 37 51 82 96 110 124 138 169 183 197 211 225 239 270 284
353 356 345 340 343 355 344 347 10 24 38 52 83 97 111 125 139 153 184 198 212 226 240 271 285
354 340 346 341 344 356 345 348 11 25 39 53 84 98 112 126 140 154 185 199 213 227 241 255 286
355 341 347 342 345 340 346 349 12 26 40 54 68 99 113 127 141 155 186 200 214 228 242 256 287
356 342 348 343 346 341 347 350 13 27 41 55 69 100 114 128 142 156 170 201 215 229 243 257 288
340 343 349 344 347 342 348 351 14 28 42 56 70 101 115 129 143 157 171 202 216 230 244 258 272
341 344 350 345 348 343 349 352 15 29 43 57 71 85 116 130 144 158 172 203 217 231 245 259 273
342 345 351 346 349 344 350 353 16 30 44 58 72 86 117 131 145 159 173 187 218 232 246 260 274
360 363 369 364 367 362 368 371 0 30 43 56 69 99 112 125 138 168 181 194 207 237 250 263 276
361 364 370 365 368 363 369 372 1 31 44 57 70 100 113 126 139 169 182 195 208 221 251 264 277
362 365 371 366 369 364 370 373 2 32 45 58 71 101 114 127 140 153 183 196 209 222 252 265 278
363 366 372 367 370 365 371 357 3 33 46 59 72 85 115 128 141 154 184 197 210 223 253 266 279
364 367 373 368 371 366 372 358 4 17 47 60 73 86 116 129 142 155 185 198 211 224 254 267 280
365 368 357 369 372 367 373 359 5 18 48 61 74 87 117 130 143 156 186 199 212 225 238 268 281
366 369 358 370 373 368 357 360 6 19 49 62 75 88 118 131 144 157 170 200 213 226 239 269 282
367 370 359 371 357 369 358 361 7 20 50 63 76 89 102 132 145 158 171 201 214 227 240 270 283
368 371 360 372 358 370 359 362 8 21 34 64 77 90 103 133 146 159 172 202 215 228 241 271 284
369 372 361 373 359 371 360 363 9 22 35 65 78 91 104 134 147 160 173 203 216 229 242 255 285
370 373 362 357 360 372 361 364 10 23 36 66 79 92 105 135 148 161 174 187 217 230 243 256 286
371 357 363 358 361 373 362 365 11 24 37 67 80 93 106 119 149 162 175 188 218 231 244 257 287
372 358 364 359 362 357 363 366 12 25 38 51 81 94 107 120 150 163 176 189 219 232 245 258 288
373 359 365 360 363 358 364 367 13 26 39 52 82 95 108 121 151 164 177 190 220 233 246 259 272
357 360 366 361 364 359 365 368 14 27 40 53 83 96 109 122 152 165 178 191 204 234 247 260 273
358 361 367 362 365 360 366 369 15 28 41 54 84 97 110 123 136 166 179 192 205 235 248 261 274
359 362 368 363 366 361 367 370 16 29 42 55 68 98 111 124 137 167 180 193 206 236 249 262 275
377 380 386 381 384 379 385 388 0 29 41 53 82 94 106 135 147 159 171 200 212 224 253 265 277
378 381 387 382 385 380 386 389 1 30 42 54 83 95 107 119 148 160 172 201 213 225 254 266 278
379 382 388 383 386 381 387 390 2 31 43 55 84 96 108 120 149 161 173 202 214 226 238 267 279
380 383 389 384 387 382 388 374 3 32 44 56 68 97 109 121 150 162 174 203 215 227 239 268 280
381 384 390 385 388 383 389 375 4 33 45 57 69 98 110 122 151 163 175 187 216 228 240 269 281
382 385 374 386 389 384 390 376 5 17 46 58 70 99 111 123 152 164 176 188 217 229 241 270 282
383 386 375 387 390 385 374 377 6 18 47 59 71 100 112 124 136 165 177 189 218 230 242 271 283
384 387 376 388 374 386 375 378 7 19 48 60 72 101 113 125 137 166 178 190 219 231 243 255 284
385 388 377 389 375 387 376 379 8 20 49 61 73 85 114 126 138 167 179 191 220 232 244 256 285
386 389 378 390 376 388 377 380 9 21 50 62 74 86 115 127 139 168 180 192 204 233 245 257 286
387 390 379 374 377 389 378 381 10 22 34 63 75 87 116 128 140 169 181 193 205 234 246 258 287
388 374 380 375 378 390 379 382 11 23 35 64 76 88 117 129 141 153 182 194 206 235 247 259 288
389 375 381 376 379 374 380 383 12 24 36 65 77 89 118 130 142 154 183 195 207 236 248 260 272
390 376 382 377 380 375 381 384 13 25 37 66 78 90 102 131 143 155 184 196 208 237 249 261 273
374 377 383 378 381 376 382 385 14 26 38 67 79 91 103 132 144 156 185 197 209 221 250 262 274
375 378 384 379 382 377 383 386 15 27 39 51 80 92 104 133 145 157 186 198 210 222 251 263 275
376 379 385 380 383 378 384 387 16 28 40 52 81 93 105 134 146 158 170 199 211 223 252 264 276
394 397 403 398 401 396 402 405 0 28 39 67 78 89 117 128 139 167 178 189 217 228 239 267 278
395 398 404 399 402 397 403 406 1 29 40 51 79 90 118 129 140 168 179 190 218 229 240 268 279
396 399 405 400 403 398 404 407 2 30 41 52 80 91 102 130 141 169 180 191 219 230 241 269 280
397 400 406 401 404 399 405 391 3 31 42 53 81 92 103 131 142 153 181 192 220 231 242 270 281
398 401 407 402 405 400 406 392 4 32 43 54 82 93 104 132 143 154 182 193 204 232 243 271 282
399 402 391 403 406 401 407 393 5 33 44 55 83 94 105 133 144 155 183 194 205 233 244 255 283
400 403 392 404 407 402 391 394 6 17 45 56 84 95 106 134 145 156 184 195 206 234 245 256 284
401 404 393 405 391 403 392 395 7 18 46 57 68 96 107 135 146 157 185 196 207 235 246 257 285
402 405 394 406 392 404 393 396 8 19 47 58 69 97 108 119 147 158 186 197 208 236 247 258 286
403 406 395 407 393 405 394 397 9 20 48 59 70 98 109 120 148 159 170 198 209 237 248 259 287
404 407 396 391 394 406 395 398 10 21 49 60 71 99 110 121 149 160 171 199 210 221 249 260 288
405 391 397 392 395 407 396 399 11 22 50 61 72 100 111 122 150 161 172 200 211 222 250 261 272
406 392 398 393 396 391 397 400 12 23 34 62 73 101 112 123 151 162 173 201 212 223 251 262 273
407 393 399 394 397 392 398 401 13 24 35 63 74 85 113 124 152 163 174 202 213 224 252 263 274
391 394 400 395 398 393 399 402 14 25 36 64 75 86 114 125 136 164 175 203 214 225 253 264 275
392 395 401 396 399 394 400 403 15 26 37 65 76 87 115 126 137 165 176 187 215 226 254 265 276
393 396 402 397 400 395 401 404 16 27 38 66 77 88 116 127 138 166 177 188 216 227 238 266 277
411 414 420 415 418 413 419 422 0 27 37 64 74 101 111 121 148 158 185 195 205 232 242 269 279
412 415 421 416 419 414 420 423 1 28 38 65 75 85 112 122 149 159 186 196 206 233 243 270 280
413 416 422 417 420 415 421 424 2 29 39 66 76 86 113 123 150 160 170 197 207 234 244 271 281
414 417 423 418 421 416 422 408 3 30 40 67 77 87 114 124 151 161 171 198 208 235 245 255 282
415 418 424 419 422 417 423 409 4 31 41 51 78 88 115 125 152 162 172 199 209 236 246 256 283
416 419 408 420 423 418 424 410 5 32 42 52 79 89 116 126 136 163 173 200 210 237 247 257 284
417 420 409 421 424 419 408 411 6 33 43 53 80 90 117 127 137 164 174 201 211 221 248 258 285
418 421 410 422 408 420 409 412 7 17 44 54 81 91 118 128 138 165 175 202 212 222 249 259 286
419 422 411 423 409 421 410 413 8 18 45 55 82 92 102 129 139 166 176 203 213 223 250 260 287
420 423 412 424 410 422 411 414 9 19 46 56 83 93 103 130 140 167 177 187 214 224 251 261 288
421 424 413 408 411 423 412 415 10 20 47 57 84 94 104 131 141 168 178 188 215 225 252 262 272
422 408 414 409 412 424 413 416 11 21 48 58 68 95 105 132 142 169 179 189 216 226 253 263 273
423 409 415 410 413 408 414 417 12 22 49 59 69 96 106 133 143 153 180 190 217 227 254 264 274
424 410 416 411 414 409 415 418 13 23 50 60 70 97 107 134 144 154 181 191 218 228 238 265 275
408 411 417 412 415 410 416 419 14 24 34 61 71 98 108 135 145 155 182 192 219 229 239 266 276
409 412 418 413 416 411 417 420 15 25 35 62 72 99 109 119 146 156 183 193 220 230 240 267 277
410 413 419 414 417 412 418 421 16 26 36 63 73 100 110 120 147 157 184 194 204 231 241 268 278
428 431 437 432 435 430 436 439 0 26 35 61 70 96 105 131 140 166 175 201 210 236 245 271 280
429 432 438 433 436 431 437 440 1 27 36 62 71 97 106 132 141 167 176 202 211 237 246 255 281
430 433 439 434 437 432 438 441 2 28 37 63 72 98 107 133 142 168 177 203 212 221 247 256 282
431 434 440 435 438 433 439 425 3 29 38 64 73 99 108 134 143 169 178 187 213 222 248 257 283
432 435 441 436 439 434 440 426 4 30 39 65 74 100 109 135 144 153 179 188 214 223 249 258 284
433 436 425 437 440 435 441 427 5 31 40 66 75 101 110 119 145 154 180 189 215 224 250 259 285
434 437 426 438 441 436 425 428 6 32 41 67 76 85 111 120 146 155 181 190 216 225 251 260 286
435 438 427 439 425 437 426 429 7 33 42 51 77 86 112 121 147 156 182 191 217 226 252 261 287
436 439 428 440 426 438 427 430 8 17 43 52 78 87 113 122 148 157 183 192 218 227 253 262 288
437 440 429 441 427 439 428 431 9 18 44 53 79 88 114 123 149 158 184 193 219 228 254 263 272
438 441 430 425 428 440 429 432 10 19 45 54 80 89 115 124 150 159 185 194 220 229 238 264 273
439 425 431 426 429 441 430 433 11 20 46 55 81 90 116 125 151 160 186 195 204 230 239 265 274
440 426 432 427 430 425 431 434 12 21 47 56 82 91 117 126 152 161 170 196 205 231 240 266 275
441 427 433 428 431 426 432 435 13 22 48 57 83 92 118 127 136 162 171 197 206 232 241 267 276
425 428 434 429 432 427 433 436 14 23 49 58 84 93 102 128 137 163 172 198 207 233 242 268 277
426 429 435 430 433 428 434 437 15 24 50 59 68 94 103 129 138 164 173 199 208 234 243 269 278
427 430 436 431 434 429 435 438 16 25 34 60 69 95 104 130 139 165 174 200 209 235 244 270 279
445 448 454 449 452 447 453 456 0 25 50 58 83 91 116 124 149 157 182 190 215 223 248 256 281
446 449 455 450 453 448 454 457 1 26 34 59 84 92 117 125 150 158 183 191 216 224 249 257 282
447 450 456 451 454 449 455 458 2 27 35 60 68 93 118 126 151 159 184 192 217 225 250 258 283
448 451 457 452 455 450 456 442 3 28 36 61 69 94 102 127 152 160 185 193 218 226 251 259 284
449 452 458 453 456 451 457 443 4 29 37 62 70 95 103 128 136 161 186 194 219 227 252 260 285
450 453 442 454 457 452 458 444 5 30 38 63 71 96 104 129 137 162 170 195 220 228 253 261 286
451 454 443 455 458 453 442 445 6 31 39 64 72 97 105 130 138 163 171 196 204 229 254 262 287
452 455 444 456 442 454 443 446 7 32 40 65 73 98 106 131 139 164 172 197 205 230 238 263 288
453 456 445 457 443 455 444 447 8 33 41 66 74 99 107 132 140 165 173 198 206 231 239 264 272
454 457 446 458 444 456 445 448 9 17 42 67 75 100 108 133 141 166 174 199 207 232 240 265 273
455 458 447 442 445 457 446 449 10 18 43 51 76 101 109 134 142 167 175 200 208 233 241 266 274
456 442 448 443 446 458 447 450 11 19 44 52 77 85 110 135 143 168 176 201 209 234 242 267 275
457 443 449 444 447 442 448 451 12 20 45 53 78 86 111 119 144 169 177 202 210 235 243 268 276
458 444 450 445 448 443 449 452 13 21 46 54 79 87 112 120 145 153 178 203 211 236 244 269 277
442 445 451 446 449 444 450 453 14 22 47 55 80 88 113 121 146 154 179 187 212 237 245 270 278
443 446 452 447 450 445 451 454 15 23 48 56 81 89 114 122 147 155 180 188 213 221 246 271 279
444 447 453 448 451 446 452 455 16 24 49 57 82 90 115 123 148 156 181 189 214 222 247 255 280
462 465 471 466 469 464 470 473 0 24 48 55 79 86 110 134 141 165 172 196 220 227 251 258 282
463 466 472 467 470 465 471 474 1 25 49 56 80 87 111 135 142 166 173 197 204 228 252 259 283
464 467 473 468 471 466 472 475 2 26 50 57 81 88 112 119 143 167 174 198 205 229 253 260 284
465 468 474 469 472 467 473 459 3 27 34 58 82 89 113 120 144 168 175 199 206 230 254 261 285
466 469 475 470 473 468 474 460 4 28 35 59 83 90 114 121 145 169 176 200 207 231 238 262 286
467 470 459 471 474 469 475 461 5 29 36 60 84 91 115 122 146 153 177 201 208 232 239 263 287
468 471 460 472 475 470 459 462 6 30 37 61 68 92 116 123 147 154 178 202 209 233 240 264 288
469 472 461 473 459 471 460 463 7 31 38 62 69 93 117 124 148 155 179 203 210 234 241 265 272
470 473 462 474 460 472 461 464 8 32 39 63 70 94 118 125 149 156 180 187 211 235 242 266 273
471 474 463 475 461 473 462 465 9 33 40 64 71 95 102 126 150 157 181 188 212 236 243 267 274
472 475 464 459 462 474 463 466 10 17 41 65 72 96 103 127 151 158 182 189 213 237 244 268 275
473 459 465 460 463 475 464 467 11 18 42 66 73 97 104 128 152 159 183 190 214 221 245 269 276
474 460 466 461 464 459 465 468 12 19 43 67 74 98 105 129 136 160 184 191 215 222 246 270 277
475 461 467 462 465 460 466 469 13 20 44 51 75 99 106 130 137 161 185 192 216 223 247 271 278
459 462 468 463 466 461 467 470 14 21 45 52 76 100 107 131 138 162 186 193 217 224 248 255 279
460 463 469 464 467 462 468 471 15 22 46 53 77 101 108 132 139 163 170 194 218 225 249 256 280
461 464 470 465 468 463 469 472 16 23 47 54 78 85 109 133 140 164 171 195 219 226 250 257 281
479 482 488 483 486 481 487 490 0 23 46 52 75 98 104 127 150 156 179 202 208 231 254 260 283
480 483 489 484 487 482 488 491 1 24 47 53 76 99 105 128 151 157 180 203 209 232 238 261 284
481 484 490 485 488 483 489 492 2 25 48 54 77 100 106 129 152 158 181 187 210 233 239 262 285
482 485 491 486 489 484 490 476 3 26 49 55 78 101 107 130 136 159 182 188 211 234 240 263 286
483 486 492 487 490 485 491 477 4 27 50 56 79 85 108 131 137 160 183 189 212 235 241 264 287
484 487 476 488 491 486 492 478 5 28 34 57 80 86 109 132 138 161 184 190 213 236 242 265 288
485 488 477 489 492 487 476 479 6 29 35 58 81 87 110 133 139 162 185 191 214 237 243 266 272
486 489 478 490 476 488 477 480 7 30 36 59 82 88 111 134 140 163 186 192 215 221 244 267 273
487 490 479 491 477 489 478 481 8 31 37 60 83 89 112 135 141 164 170 193 216 222 245 268 274
488 491 480 492 478 490 479 482 9 32 38 61 84 90 113 119 142 165 171 194 217 223 246 269 275
489 492 481 476 479 491 480 483 10 33 39 62 68 91 114 120 143 166 172 195 218 224 247 270 276
490 476 482 477 480 492 481 484 11 17 40 63 69 92 115 121 144 167 173 196 219 225 248 271 277
491 477 483 478 481 476 482 485 12 18 41 64 70 93 116 122 145 168 174 197 220 226 249 255 278
492 478 484 479 482 477 483 486 13 19 42 65 71 94 117 123 146 169 175 198 204 227 250 256 279
476 479 485 480 483 478 484 487 14 20 43 66 72 95 118 124 147 153 176 199 205 228 251 257 280
477 480 486 481 484 479 485 488 15 21 44 67 73 96 102 125 148 154 177 200 206 229 252 258 281
478 481 487 482 485 480 486 489 16 22 45 51 74 97 103 126 149 155 178 201 207 230 253 259 282
496 499 505 500 503 498 504 507 0 22 44 66 71 93 115 120 142 164 186 191 213 235 240 262 284
497 500 506 501 504 499 505 508 1 23 45 67 72 94 116 121 143 165 170 192 214 236 241 263 285
498 501 507 502 505 500 506 509 2 24 46 51 73 95 117 122 144 166 171 193 215 237 242 264 286
499 502 508 503 506 501 507 493 3 25 47 52 74 96 118 123 145 167 172 194 216 221 243 265 287
500 503 509 504 507 502 508 494 4 26 48 53 75 97 102 124 146 168 173 195 217 222 244 266 288
501 504 493 505 508 503 509 495 5 27 49 54 76 98 103 125 147 169 174 196 218 223 245 267 272
502 505 494 506 509 504 493 496 6 28 50 55 77 99 104 126 148 153 175 197 219 224 246 268 273
503 506 495 507 493 505 494 497 7 29 34 56 78 100 105 127 149 154 176 198 220 225 247 269 274
504 507 496 508 494 506 495 498 8 30 35 57 79 101 106 128 150 155 177 199 204 226 248 270 275
505 508 497 509 495 507 496 499 9 31 36 58 80 85 107 129 151 156 178 200 205 227 249 271 276
506 509 498 493 496 508 497 500 10 32 37 59 81 86 108 130 152 157 179 201 206 228 250 255 277
507 493 499 494 497 509 498 501 11 33 38 60 82 87 109 131 136 158 180 202 207 229 251 256 278
508 494 500 495 498 493 499 502 12 17 39 61 83 88 110 132 137 159 181 203 208 230 252 257 279
509 495 501 496 499 494 500 503 13 18 40 62 84 89 111 133 138 160 182 187 209 231 253 258 280
493 496 502 497 500 495 501 504 14 19 41 63 68 90 112 134 139 161 183 188 210 232 254 259 281
494 497 503 498 501 496 502 505 15 20 42 64 69 91 113 135 140 162 184 189 211 233 238 260 282
495 498 504 499 502 497 503 506 16 21 43 65 70 92 114 119 141 163 185 190 212 234 239 261 283
513 516 522 517 520 515 521 524 0 21 42 63 84 88 109 130 151 155 176 197 218 222 243 264 285
514 517 523 518 521 516 522 525 1 22 43 64 68 89 110 131 152 156 177 198 219 223 244 265 286
515 518 524 519 522 517 523 526 2 23 44 65 69 90 111 132 136 157 178 199 220 224 245 266 287
516 519 525 520 523 518 524 510 3 24 45 66 70 91 112 133 137 158 179 200 204 225 246 267 288
517 520 526 521 524 519 525 511 4 25 46 67 71 92 113 134 138 159 180 201 205 226 247 268 272
518 521 510 522 525 520 526 512 5 26 47 51 72 93 114 135 139 160 181 202 206 227 248 269 273
519 522 511 523 526 521 510 513 6 27 48 52 73 94 115 119 140 161 182 203 207 228 249 270 274
520 523 512 524 510 522 511 514 7 28 49 53 74 95 116 120 141 162 183 187 208 229 250 271 275
521 524 513 525 511 523 512 515 8 29 50 54 75 96 117 121 142 163 184 188 209 230 251 255 276
522 525 514 526 512 524 513 516 9 30 34 55 76 97 118 122 143 164 185 189 210 231 252 256 277
523 526 515 510 513 525 514 517 10 31 35 56 77 98 102 123 144 165 186 190 211 232 253 257 278
524 510 516 511 514 526 515 518 11 32 36 57 78 99 103 124 145 166 170 191 212 233 254 258 279
525 511 517 512 515 510 516 519 12 33 37 58 79 100 104 125 146 167 171 192 213 234 238 259 280
526 512 518 513 516 511 517 520 13 17 38 59 80 101 105 126 147 168 172 193 214 235 239 260 281
510 513 519 514 517 512 518 521 14 18 39 60 81 85 106 127 148 169 173 194 215 236 240 261 282
511 514 520 515 518 513 519 522 15 19 40 61 82 86 107 128 149 153 174 195 216 237 241 262 283
512 515 521 516 519 514 520 523 16 20 41 62 83 87 108 129 150 154 175 196 217 221 242 263 284
530 533 539 534 537 532 538 541 0 20 40 60 80 100 103 123 143 163 183 203 206 226 246 266 286
531 534 540 535 538 533 539 542 1 21 41 61 81 101 104 124 144 164 184 187 207 227 247 267 287
532 535 541 536 539 534 540 543 2 22 42 62 82 85 105 125 145 165 185 188 208 228 248 268 288
533 536 542 537 540 535 541 527 3 23 43 63 83 86 106 126 146 166 186 189 209 229 249 269 272
534 537 543 538 541 536 542 528 4 24 44 64 84 87 107 127 147 167 170 190 210 230 250 270 273
535 538 527 539 542 537 543 529 5 25 45 65 68 88 108 128 148 168 171 191 211 231 251 271 274
536 539 528 540 543 538 527 530 6 26 46 66 69 89 109 129 149 169 172 192 212 232 252 255 275
537 540 529 541 527 539 528 531 7 27 47 67 70 90 110 130 150 153 173 193 213 233 253 256 276
538 541 530 542 528 540 529 532 8 28 48 51 71 91 111 131 151 154 174 194 214 234 254 257 277
539 542 531 543 529 541 530 533 9 29 49 52 72 92 112 132 152 155 175 195 215 235 238 258 278
540 543 532 527 530 542 531 534 10 30 50 53 73 93 113 133 136 156 176 196 216 236 239 259 279
541 527 533 528 531 543 532 535 11 31 34 54 74 94 114 134 137 157 177 197 217 237 240 260 280
542 528 534 529 532 527 533 536 12 32 35 55 75 95 115 135 138 158 178 198 218 221 241 261 281
543 529 535 530 533 528 534 537 13 33 36 56 76 96 116 119 139 159 179 199 219 222 242 262 282
527 530 536 531 534 529 535 538 14 17 37 57 77 97 117 120 140 160 180 200 220 223 243 263 283
528 531 537 532 535 530 536 539 15 18 38 58 78 98 118 121 141 161 181 201 204 224 244 264 284
529 532 538 533 536 531 537 540 16 19 39 59 79 99 102 122 142 162 182 202 205 225 245 265 285
547 550 556 551 554 549 555 558 0 19 38 57 76 95 114 133 152 154 173 192 211 230 249 268 287
548 551 557 552 555 550 556 559 1 20 39 58 77 96 115 134 136 155 174 193 212 231 250 269 288
549 552 558 553 556 551 557 560 2 21 40 59 78 97 116 135 137 156 175 194 213 232 251 270 272
550 553 559 554 557 552 558 544 3 22 41 60 79 98 117 119 138 157 176 195 214 233 252 271 273
551 554 560 555 558 553 559 545 4 23 42 61 80 99 118 120 139 158 177 196 215 234 253 255 274
552 555 544 556 559 554 560 546 5 24 43 62 81 100 102 121 140 159 178 197 216 235 254 256 275
553 556 545 557 560 555 544 547 6 25 44 63 82 101 103 122 141 160 179 198 217 236 238 257 276
554 557 546 558 544 556 545 548 7 26 45 64 83 85 104 123 142 161 180 199 218 237 239 258 277
555 558 547 559 545 557 546 549 8 27 46 65 84 86 105 124 143 162 181 200 219 221 240 259 278
556 559 548 560 546 558 547 550 9 28 47 66 68 87 106 125 144 163 182 201 220 222 241 260 279
557 560 549 544 547 559 548 551 10 29 48 67 69 88 107 126 145 164 183 202 204 223 242 261 280
558 544 550 545 548 560 549 552 11 30 49 51 70 89 108 127 146 165 184 203 205 224 243 262 281
559 545 551 546 549 544 550 553 12 31 50 52 71 90 109 128 147 166 185 187 206 225 244 263 282
560 546 552 547 550 545 551 554 13 32 34 53 72 91 110 129 148 167 186 188 207 226 245 264 283
544 547 553 548 551 546 552 555 14 33 35 54 73 92 111 130 149 168 170 189 208 227 246 265 284
545 548 554 549 552 547 553 556 15 17 36 55 74 93 112 131 150 169 171 190 209 228 247 266 285
546 549 555 550 553 548 554 557 16 18 37 56 75 94 113 132 151 153 172 191 210 229 248 267 286
564 567 573 568 571 566 572 575 0 18 36 54 72 90 108 126 144 162 180 198 216 234 252 270 288
565 568 574 569 572 567 573 576 1 19 37 55 73 91 109 127 145 163 181 199 217 235 253 271 272
566 569 575 570 573 568 574 577 2 20 38 56 74 92 110 128 146 164 182 200 218 236 254 255 273
567 570 576 571 574 569 575 561 3 21 39 57 75 93 111 129 147 165 183 201 219 237 238 256 274
568 571 577 572 575 570 576 562 4 22 40 58 76 94 112 130 148 166 184 202 220 221 239 257 275
569 572 561 573 576 571 577 563 5 23 41 59 77 95 113 131 149 167 185 203 204 222 240 258 276
570 573 562 574 577 572 561 564 6 24 42 60 78 96 114 132 150 168 186 187 205 223 241 259 277
571 574 563 575 561 573 562 565 7 25 43 61 79 97 115 133 151 169 170 188 206 224 242 260 278
572 575 564 576 562 574 563 566 8 26 44 62 80 98 116 134 152 153 171 189 207 225 243 261 279
573 576 565 577 563 575 564 567 9 27 45 63 81 99 117 135 136 154 172 190 208 226 244 262 280
574 577 566 561 564 576 565 568 10 28 46 64 82 100 118 119 137 155 173 191 209 227 245 263 281
575 561 567 562 565 577 566 569 11 29 47 65 83 101 102 120 138 156 174 192 210 228 246 264 282
576 562 568 563 566 561 567 570 12 30 48 66 84 85 103 121 139 157 175 193 211 229 247 265 283
577 563 569 564 567 562 568 571 13 31 49 67 68 86 104 122 140 158 176 194 212 230 248 266 284
561 564 570 565 568 563 569 572 14 32 50 51 69 87 105 123 141 159 177 195 213 231 249 267 285
562 565 571 566 569 564 570 573 15 33 34 52 70 88 106 124 142 160 178 196 214 232 250 268 286
563 566 572 567 570 565 571 574 16 17 35 53 71 89 107 125 143 161 179 197 215 233 251 269 287
