50 175
1 4 25 30 35 40 45
2 0 26 31 36 41 46
3 1 27 32 37 42 47
4 2 28 33 38 43 48
0 3 29 34 39 44 49
6 9 25 31 37 43 49
7 5 26 32 38 44 45
8 6 27 33 39 40 46
9 7 28 34 35 41 47
5 8 29 30 36 42 48
11 14 25 32 39 41 48
12 10 26 33 35 42 49
13 11 27 34 36 43 45
14 12 28 30 37 44 46
10 13 29 31 38 40 47
16 19 25 33 36 44 47
17 15 26 34 37 40 48
18 16 27 30 38 41 49
19 17 28 31 39 42 45
15 18 29 32 35 43 46
21 24 25 34 38 42 46
22 20 26 30 39 43 47
23 21 27 31 35 44 48
24 22 28 32 36 40 49
20 23 29 33 37 41 45
27 28 0 5 10 15 20
28 29 1 6 11 16 21
29 25 2 7 12 17 22
25 26 3 8 13 18 23
26 27 4 9 14 19 24
32 33 0 9 13 17 21
33 34 1 5 14 18 22
34 30 2 6 10 19 23
30 31 3 7 11 15 24
31 32 4 8 12 16 20
37 38 0 8 11 19 22
38 39 1 9 12 15 23
39 35 2 5 13 16 24
35 36 3 6 14 17 20
36 37 4 7 10 18 21
42 43 0 7 14 16 23
43 44 1 8 10 17 24
44 40 2 9 11 18 20
40 41 3 5 12 19 21
41 42 4 6 13 15 22
47 48 0 6 12 18 24
48 49 1 7 13 19 20
49 45 2 8 14 15 21
45 46 3 9 10 16 22
46 47 4 5 11 17 23
