722 10469
1 3 4 7 9 10 12 15 16 18 361 380 399 418 437 456 475 494 513 532 551 570 589 608 627 646 665 684 703
2 4 5 8 10 11 13 16 17 0 362 381 400 419 438 457 476 495 514 533 552 571 590 609 628 647 666 685 704
3 5 6 9 11 12 14 17 18 1 363 382 401 420 439 458 477 496 515 534 553 572 591 610 629 648 667 686 705
4 6 7 10 12 13 15 18 0 2 364 383 402 421 440 459 478 497 516 535 554 573 592 611 630 649 668 687 706
5 7 8 11 13 14 16 0 1 3 365 384 403 422 441 460 479 498 517 536 555 574 593 612 631 650 669 688 707
6 8 9 12 14 15 17 1 2 4 366 385 404 423 442 461 480 499 518 537 556 575 594 613 632 651 670 689 708
7 9 10 13 15 16 18 2 3 5 367 386 405 424 443 462 481 500 519 538 557 576 595 614 633 652 671 690 709
8 10 11 14 16 17 0 3 4 6 368 387 406 425 444 463 482 501 520 539 558 577 596 615 634 653 672 691 710
9 11 12 15 17 18 1 4 5 7 369 388 407 426 445 464 483 502 521 540 559 578 597 616 635 654 673 692 711
10 12 13 16 18 0 2 5 6 8 370 389 408 427 446 465 484 503 522 541 560 579 598 617 636 655 674 693 712
11 13 14 17 0 1 3 6 7 9 371 390 409 428 447 466 485 504 523 542 561 580 599 618 637 656 675 694 713
12 14 15 18 1 2 4 7 8 10 372 391 410 429 448 467 486 505 524 543 562 581 600 619 638 657 676 695 714
13 15 16 0 2 3 5 8 9 11 373 392 411 430 449 468 487 506 525 544 563 582 601 620 639 658 677 696 715
14 16 17 1 3 4 6 9 10 12 374 393 412 431 450 469 488 507 526 545 564 583 602 621 640 659 678 697 716
15 17 18 2 4 5 7 10 11 13 375 394 413 432 451 470 489 508 527 546 565 584 603 622 641 660 679 698 717
16 18 0 3 5 6 8 11 12 14 376 395 414 433 452 471 490 509 528 547 566 585 604 623 642 661 680 699 718
17 0 1 4 6 7 9 12 13 15 377 396 415 434 453 472 491 510 529 548 567 586 605 624 643 662 681 700 719
18 1 2 5 7 8 10 13 14 16 378 397 416 435 454 473 492 511 530 549 568 587 606 625 644 663 682 701 720
0 2 3 6 8 9 11 14 15 17 379 398 417 436 455 474 493 512 531 550 569 588 607 626 645 664 683 702 721
20 22 23 26 28 29 31 34 35 37 361 381 401 421 441 461 481 501 521 541 561 581 601 621 641 661 681 701 721
21 23 24 27 29 30 32 35 36 19 362 382 402 422 442 462 482 502 522 542 562 582 602 622 642 662 682 702 703
22 24 25 28 30 31 33 36 37 20 363 383 403 423 443 463 483 503 523 543 563 583 603 623 643 663 683 684 704
23 25 26 29 31 32 34 37 19 21 364 384 404 424 444 464 484 504 524 544 564 584 604 624 644 664 665 685 705
24 26 27 30 32 33 35 19 20 22 365 385 405 425 445 465 485 505 525 545 565 585 605 625 645 646 666 686 706
25 27 28 31 33 34 36 20 21 23 366 386 406 426 446 466 486 506 526 546 566 586 606 626 627 647 667 687 707
26 28 29 32 34 35 37 21 22 24 367 387 407 427 447 467 487 507 527 547 567 587 607 608 628 648 668 688 708
27 29 30 33 35 36 19 22 23 25 368 388 408 428 448 468 488 508 528 548 568 588 589 609 629 649 669 689 709
28 30 31 34 36 37 20 23 24 26 369 389 409 429 449 469 489 509 529 549 569 570 590 610 630 650 670 690 710
29 31 32 35 37 19 21 24 25 27 370 390 410 430 450 470 490 510 530 550 551 571 591 611 631 651 671 691 711
30 32 33 36 19 20 22 25 26 28 371 391 411 431 451 471 491 511 531 532 552 572 592 612 632 652 672 692 712
31 33 34 37 20 21 23 26 27 29 372 392 412 432 452 472 492 512 513 533 553 573 593 613 633 653 673 693 713
32 34 35 19 21 22 24 27 28 30 373 393 413 433 453 473 493 494 514 534 554 574 594 614 634 654 674 694 714
33 35 36 20 22 23 25 28 29 31 374 394 414 434 454 474 475 495 515 535 555 575 595 615 635 655 675 695 715
34 36 37 21 23 24 26 29 30 32 375 395 415 435 455 456 476 496 516 536 556 576 596 616 636 656 676 696 716
35 37 19 22 24 25 27 30 31 33 376 396 416 436 437 457 477 497 517 537 557 577 597 617 637 657 677 697 717
36 19 20 23 25 26 28 31 32 34 377 397 417 418 438 458 478 498 518 538 558 578 598 618 638 658 678 698 718
37 20 21 24 26 27 29 32 33 35 378 398 399 419 439 459 479 499 519 539 559 579 599 619 639 659 679 699 719
19 21 22 25 27 28 30 33 34 36 379 380 400 420 440 460 480 500 520 540 560 580 600 620 640 660 680 700 720
39 41 42 45 47 48 50 53 54 56 361 382 403 424 445 466 487 508 529 550 552 573 594 615 636 657 678 699 720
40 42 43 46 48 49 51 54 55 38 362 383 404 425 446 467 488 509 530 532 553 574 595 616 637 658 679 700 721
41 43 44 47 49 50 52 55 56 39 363 384 405 426 447 468 489 510 531 533 554 575 596 617 638 659 680 701 703
42 44 45 48 50 51 53 56 38 40 364 385 406 427 448 469 490 511 513 534 555 576 597 618 639 660 681 702 704
43 45 46 49 51 52 54 38 39 41 365 386 407 428 449 470 491 512 514 535 556 577 598 619 640 661 682 684 705
44 46 47 50 52 53 55 39 40 42 366 387 408 429 450 471 492 494 515 536 557 578 599 620 641 662 683 685 706
45 47 48 51 53 54 56 40 41 43 367 388 409 430 451 472 493 495 516 537 558 579 600 621 642 663 665 686 707
46 48 49 52 54 55 38 41 42 44 368 389 410 431 452 473 475 496 517 538 559 580 601 622 643 664 666 687 708
47 49 50 53 55 56 39 42 43 45 369 390 411 432 453 474 476 497 518 539 560 581 602 623 644 646 667 688 709
48 50 51 54 56 38 40 43 44 46 370 391 412 433 454 456 477 498 519 540 561 582 603 624 645 647 668 689 710
49 51 52 55 38 39 41 44 45 47 371 392 413 434 455 457 478 499 520 541 562 583 604 625 627 648 669 690 711
50 52 53 56 39 40 42 45 46 48 372 393 414 435 437 458 479 500 521 542 563 584 605 626 628 649 670 691 712
51 53 54 38 40 41 43 46 47 49 373 394 415 436 438 459 480 501 522 543 564 585 606 608 629 650 671 692 713
52 54 55 39 41 42 44 47 48 50 374 395 416 418 439 460 481 502 523 544 565 586 607 609 630 651 672 693 714
53 55 56 40 42 43 45 48 49 51 375 396 417 419 440 461 482 503 524 545 566 587 589 610 631 652 673 694 715
54 56 38 41 43 44 46 49 50 52 376 397 399 420 441 462 483 504 525 546 567 588 590 611 632 653 674 695 716
55 38 39 42 44 45 47 50 51 53 377 398 400 421 442 463 484 505 526 547 568 570 591 612 633 654 675 696 717
56 39 40 43 45 46 48 51 52 54 378 380 401 422 443 464 485 506 527 548 569 571 592 613 634 655 676 697 718
38 40 41 44 46 47 49 52 53 55 379 381 402 423 444 465 486 507 528 549 551 572 593 614 635 656 677 698 719
58 60 61 64 66 67 69 72 73 75 361 383 405 427 449 471 493 496 518 540 562 584 606 609 631 653 675 697 719
59 61 62 65 67 68 70 73 74 57 362 384 406 428 450 472 475 497 519 541 563 585 607 610 632 654 676 698 720
60 62 63 66 68 69 71 74 75 58 363 385 407 429 451 473 476 498 520 542 564 586 589 611 633 655 677 699 721
61 63 64 67 69 70 72 75 57 59 364 386 408 430 452 474 477 499 521 543 565 587 590 612 634 656 678 700 703
62 64 65 68 70 71 73 57 58 60 365 387 409 431 453 456 478 500 522 544 566 588 591 613 635 657 679 701 704
63 65 66 69 71 72 74 58 59 61 366 388 410 432 454 457 479 501 523 545 567 570 592 614 636 658 680 702 705
64 66 67 70 72 73 75 59 60 62 367 389 411 433 455 458 480 502 524 546 568 571 593 615 637 659 681 684 706
65 67 68 71 73 74 57 60 61 63 368 390 412 434 437 459 481 503 525 547 569 572 594 616 638 660 682 685 707
66 68 69 72 74 75 58 61 62 64 369 391 413 435 438 460 482 504 526 548 551 573 595 617 639 661 683 686 708
67 69 70 73 75 57 59 62 63 65 370 392 414 436 439 461 483 505 527 549 552 574 596 618 640 662 665 687 709
68 70 71 74 57 58 60 63 64 66 371 393 415 418 440 462 484 506 528 550 553 575 597 619 641 663 666 688 710
69 71 72 75 58 59 61 64 65 67 372 394 416 419 441 463 485 507 529 532 554 576 598 620 642 664 667 689 711
70 72 73 57 59 60 62 65 66 68 373 395 417 420 442 464 486 508 530 533 555 577 599 621 643 646 668 690 712
71 73 74 58 60 61 63 66 67 69 374 396 399 421 443 465 487 509 531 534 556 578 600 622 644 647 669 691 713
72 74 75 59 61 62 64 67 68 70 375 397 400 422 444 466 488 510 513 535 557 579 601 623 645 648 670 692 714
73 75 57 60 62 63 65 68 69 71 376 398 401 423 445 467 489 511 514 536 558 580 602 624 627 649 671 693 715
74 57 58 61 63 64 66 69 70 72 377 380 402 424 446 468 490 512 515 537 559 581 603 625 628 650 672 694 716
75 58 59 62 64 65 67 70 71 73 378 381 403 425 447 469 491 494 516 538 560 582 604 626 629 651 673 695 717
57 59 60 63 65 66 68 71 72 74 379 382 404 426 448 470 492 495 517 539 561 583 605 608 630 652 674 696 718
77 79 80 83 85 86 88 91 92 94 361 384 407 430 453 457 480 503 526 549 553 576 599 622 645 649 672 695 718
78 80 81 84 86 87 89 92 93 76 362 385 408 431 454 458 481 504 527 550 554 577 600 623 627 650 673 696 719
79 81 82 85 87 88 90 93 94 77 363 386 409 432 455 459 482 505 528 532 555 578 601 624 628 651 674 697 720
80 82 83 86 88 89 91 94 76 78 364 387 410 433 437 460 483 506 529 533 556 579 602 625 629 652 675 698 721
81 83 84 87 89 90 92 76 77 79 365 388 411 434 438 461 484 507 530 534 557 580 603 626 630 653 676 699 703
82 84 85 88 90 91 93 77 78 80 366 389 412 435 439 462 485 508 531 535 558 581 604 608 631 654 677 700 704
83 85 86 89 91 92 94 78 79 81 367 390 413 436 440 463 486 509 513 536 559 582 605 609 632 655 678 701 705
84 86 87 90 92 93 76 79 80 82 368 391 414 418 441 464 487 510 514 537 560 583 606 610 633 656 679 702 706
85 87 88 91 93 94 77 80 81 83 369 392 415 419 442 465 488 511 515 538 561 584 607 611 634 657 680 684 707
86 88 89 92 94 76 78 81 82 84 370 393 416 420 443 466 489 512 516 539 562 585 589 612 635 658 681 685 708
87 89 90 93 76 77 79 82 83 85 371 394 417 421 444 467 490 494 517 540 563 586 590 613 636 659 682 686 709
88 90 91 94 77 78 80 83 84 86 372 395 399 422 445 468 491 495 518 541 564 587 591 614 637 660 683 687 710
89 91 92 76 78 79 81 84 85 87 373 396 400 423 446 469 492 496 519 542 565 588 592 615 638 661 665 688 711
90 92 93 77 79 80 82 85 86 88 374 397 401 424 447 470 493 497 520 543 566 570 593 616 639 662 666 689 712
91 93 94 78 80 81 83 86 87 89 375 398 402 425 448 471 475 498 521 544 567 571 594 617 640 663 667 690 713
92 94 76 79 81 82 84 87 88 90 376 380 403 426 449 472 476 499 522 545 568 572 595 618 641 664 668 691 714
93 76 77 80 82 83 85 88 89 91 377 381 404 427 450 473 477 500 523 546 569 573 596 619 642 646 669 692 715
94 77 78 81 83 84 86 89 90 92 378 382 405 428 451 474 478 501 524 547 551 574 597 620 643 647 670 693 716
76 78 79 82 84 85 87 90 91 93 379 383 406 429 452 456 479 502 525 548 552 575 598 621 644 648 671 694 717
96 98 99 102 104 105 107 110 111 113 361 385 409 433 438 462 486 510 515 539 563 587 592 616 640 664 669 693 717
97 99 100 103 105 106 108 111 112 95 362 386 410 434 439 463 487 511 516 540 564 588 593 617 641 646 670 694 718
98 100 101 104 106 107 109 112 113 96 363 387 411 435 440 464 488 512 517 541 565 570 594 618 642 647 671 695 719
99 101 102 105 107 108 110 113 95 97 364 388 412 436 441 465 489 494 518 542 566 571 595 619 643 648 672 696 720
100 102 103 106 108 109 111 95 96 98 365 389 413 418 442 466 490 495 519 543 567 572 596 620 644 649 673 697 721
101 103 104 107 109 110 112 96 97 99 366 390 414 419 443 467 491 496 520 544 568 573 597 621 645 650 674 698 703
102 104 105 108 110 111 113 97 98 100 367 391 415 420 444 468 492 497 521 545 569 574 598 622 627 651 675 699 704
103 105 106 109 111 112 95 98 99 101 368 392 416 421 445 469 493 498 522 546 551 575 599 623 628 652 676 700 705
104 106 107 110 112 113 96 99 100 102 369 393 417 422 446 470 475 499 523 547 552 576 600 624 629 653 677 701 706
105 107 108 111 113 95 97 100 101 103 370 394 399 423 447 471 476 500 524 548 553 577 601 625 630 654 678 702 707
106 108 109 112 95 96 98 101 102 104 371 395 400 424 448 472 477 501 525 549 554 578 602 626 631 655 679 684 708
107 109 110 113 96 97 99 102 103 105 372 396 401 425 449 473 478 502 526 550 555 579 603 608 632 656 680 685 709
108 110 111 95 97 98 100 103 104 106 373 397 402 426 450 474 479 503 527 532 556 580 604 609 633 657 681 686 710
109 111 112 96 98 99 101 104 105 107 374 398 403 427 451 456 480 504 528 533 557 581 605 610 634 658 682 687 711
110 112 113 97 99 100 102 105 106 108 375 380 404 428 452 457 481 505 529 534 558 582 606 611 635 659 683 688 712
111 113 95 98 100 101 103 106 107 109 376 381 405 429 453 458 482 506 530 535 559 583 607 612 636 660 665 689 713
112 95 96 99 101 102 104 107 108 110 377 382 406 430 454 459 483 507 531 536 560 584 589 613 637 661 666 690 714
113 96 97 100 102 103 105 108 109 111 378 383 407 431 455 460 484 508 513 537 561 585 590 614 638 662 667 691 715
95 97 98 101 103 104 106 109 110 112 379 384 408 432 437 461 485 509 514 538 562 586 591 615 639 663 668 692 716
115 117 118 121 123 124 126 129 130 132 361 386 411 436 442 467 492 498 523 548 554 579 604 610 635 660 666 691 716
116 118 119 122 124 125 127 130 131 114 362 387 412 418 443 468 493 499 524 549 555 580 605 611 636 661 667 692 717
117 119 120 123 125 126 128 131 132 115 363 388 413 419 444 469 475 500 525 550 556 581 606 612 637 662 668 693 718
118 120 121 124 126 127 129 132 114 116 364 389 414 420 445 470 476 501 526 532 557 582 607 613 638 663 669 694 719
119 121 122 125 127 128 130 114 115 117 365 390 415 421 446 471 477 502 527 533 558 583 589 614 639 664 670 695 720
120 122 123 126 128 129 131 115 116 118 366 391 416 422 447 472 478 503 528 534 559 584 590 615 640 646 671 696 721
121 123 124 127 129 130 132 116 117 119 367 392 417 423 448 473 479 504 529 535 560 585 591 616 641 647 672 697 703
122 124 125 128 130 131 114 117 118 120 368 393 399 424 449 474 480 505 530 536 561 586 592 617 642 648 673 698 704
123 125 126 129 131 132 115 118 119 121 369 394 400 425 450 456 481 506 531 537 562 587 593 618 643 649 674 699 705
124 126 127 130 132 114 116 119 120 122 370 395 401 426 451 457 482 507 513 538 563 588 594 619 644 650 675 700 706
125 127 128 131 114 115 117 120 121 123 371 396 402 427 452 458 483 508 514 539 564 570 595 620 645 651 676 701 707
126 128 129 132 115 116 118 121 122 124 372 397 403 428 453 459 484 509 515 540 565 571 596 621 627 652 677 702 708
127 129 130 114 116 117 119 122 123 125 373 398 404 429 454 460 485 510 516 541 566 572 597 622 628 653 678 684 709
128 130 131 115 117 118 120 123 124 126 374 380 405 430 455 461 486 511 517 542 567 573 598 623 629 654 679 685 710
129 131 132 116 118 119 121 124 125 127 375 381 406 431 437 462 487 512 518 543 568 574 599 624 630 655 680 686 711
130 132 114 117 119 120 122 125 126 128 376 382 407 432 438 463 488 494 519 544 569 575 600 625 631 656 681 687 712
131 114 115 118 120 121 123 126 127 129 377 383 408 433 439 464 489 495 520 545 551 576 601 626 632 657 682 688 713
132 115 116 119 121 122 124 127 128 130 378 384 409 434 440 465 490 496 521 546 552 577 602 608 633 658 683 689 714
114 116 117 120 122 123 125 128 129 131 379 385 410 435 441 466 491 497 522 547 553 578 603 609 634 659 665 690 715
134 136 137 140 142 143 145 148 149 151 361 387 413 420 446 472 479 505 531 538 564 571 597 623 630 656 682 689 715
135 137 138 141 143 144 146 149 150 133 362 388 414 421 447 473 480 506 513 539 565 572 598 624 631 657 683 690 716
136 138 139 142 144 145 147 150 151 134 363 389 415 422 448 474 481 507 514 540 566 573 599 625 632 658 665 691 717
137 139 140 143 145 146 148 151 133 135 364 390 416 423 449 456 482 508 515 541 567 574 600 626 633 659 666 692 718
138 140 141 144 146 147 149 133 134 136 365 391 417 424 450 457 483 509 516 542 568 575 601 608 634 660 667 693 719
139 141 142 145 147 148 150 134 135 137 366 392 399 425 451 458 484 510 517 543 569 576 602 609 635 661 668 694 720
140 142 143 146 148 149 151 135 136 138 367 393 400 426 452 459 485 511 518 544 551 577 603 610 636 662 669 695 721
141 143 144 147 149 150 133 136 137 139 368 394 401 427 453 460 486 512 519 545 552 578 604 611 637 663 670 696 703
142 144 145 148 150 151 134 137 138 140 369 395 402 428 454 461 487 494 520 546 553 579 605 612 638 664 671 697 704
143 145 146 149 151 133 135 138 139 141 370 396 403 429 455 462 488 495 521 547 554 580 606 613 639 646 672 698 705
144 146 147 150 133 134 136 139 140 142 371 397 404 430 437 463 489 496 522 548 555 581 607 614 640 647 673 699 706
145 147 148 151 134 135 137 140 141 143 372 398 405 431 438 464 490 497 523 549 556 582 589 615 641 648 674 700 707
146 148 149 133 135 136 138 141 142 144 373 380 406 432 439 465 491 498 524 550 557 583 590 616 642 649 675 701 708
147 149 150 134 136 137 139 142 143 145 374 381 407 433 440 466 492 499 525 532 558 584 591 617 643 650 676 702 709
148 150 151 135 137 138 140 143 144 146 375 382 408 434 441 467 493 500 526 533 559 585 592 618 644 651 677 684 710
149 151 133 136 138 139 141 144 145 147 376 383 409 435 442 468 475 501 527 534 560 586 593 619 645 652 678 685 711
150 133 134 137 139 140 142 145 146 148 377 384 410 436 443 469 476 502 528 535 561 587 594 620 627 653 679 686 712
151 134 135 138 140 141 143 146 147 149 378 385 411 418 444 470 477 503 529 536 562 588 595 621 628 654 680 687 713
133 135 136 139 141 142 144 147 148 150 379 386 412 419 445 471 478 504 530 537 563 570 596 622 629 655 681 688 714
153 155 156 159 161 162 164 167 168 170 361 388 415 423 450 458 485 512 520 547 555 582 590 617 644 652 679 687 714
154 156 157 160 162 163 165 168 169 152 362 389 416 424 451 459 486 494 521 548 556 583 591 618 645 653 680 688 715
155 157 158 161 163 164 166 169 170 153 363 390 417 425 452 460 487 495 522 549 557 584 592 619 627 654 681 689 716
156 158 159 162 164 165 167 170 152 154 364 391 399 426 453 461 488 496 523 550 558 585 593 620 628 655 682 690 717
157 159 160 163 165 166 168 152 153 155 365 392 400 427 454 462 489 497 524 532 559 586 594 621 629 656 683 691 718
158 160 161 164 166 167 169 153 154 156 366 393 401 428 455 463 490 498 525 533 560 587 595 622 630 657 665 692 719
159 161 162 165 167 168 170 154 155 157 367 394 402 429 437 464 491 499 526 534 561 588 596 623 631 658 666 693 720
160 162 163 166 168 169 152 155 156 158 368 395 403 430 438 465 492 500 527 535 562 570 597 624 632 659 667 694 721
161 163 164 167 169 170 153 156 157 159 369 396 404 431 439 466 493 501 528 536 563 571 598 625 633 660 668 695 703
162 164 165 168 170 152 154 157 158 160 370 397 405 432 440 467 475 502 529 537 564 572 599 626 634 661 669 696 704
163 165 166 169 152 153 155 158 159 161 371 398 406 433 441 468 476 503 530 538 565 573 600 608 635 662 670 697 705
164 166 167 170 153 154 156 159 160 162 372 380 407 434 442 469 477 504 531 539 566 574 601 609 636 663 671 698 706
165 167 168 152 154 155 157 160 161 163 373 381 408 435 443 470 478 505 513 540 567 575 602 610 637 664 672 699 707
166 168 169 153 155 156 158 161 162 164 374 382 409 436 444 471 479 506 514 541 568 576 603 611 638 646 673 700 708
167 169 170 154 156 157 159 162 163 165 375 383 410 418 445 472 480 507 515 542 569 577 604 612 639 647 674 701 709
168 170 152 155 157 158 160 163 164 166 376 384 411 419 446 473 481 508 516 543 551 578 605 613 640 648 675 702 710
169 152 153 156 158 159 161 164 165 167 377 385 412 420 447 474 482 509 517 544 552 579 606 614 641 649 676 684 711
170 153 154 157 159 160 162 165 166 168 378 386 413 421 448 456 483 510 518 545 553 580 607 615 642 650 677 685 712
152 154 155 158 160 161 163 166 167 169 379 387 414 422 449 457 484 511 519 546 554 581 589 616 643 651 678 686 713
172 174 175 178 180 181 183 186 187 189 361 389 417 426 454 463 491 500 528 537 565 574 602 611 639 648 676 685 713
173 175 176 179 181 182 184 187 188 171 362 390 399 427 455 464 492 501 529 538 566 575 603 612 640 649 677 686 714
174 176 177 180 182 183 185 188 189 172 363 391 400 428 437 465 493 502 530 539 567 576 604 613 641 650 678 687 715
175 177 178 181 183 184 186 189 171 173 364 392 401 429 438 466 475 503 531 540 568 577 605 614 642 651 679 688 716
176 178 179 182 184 185 187 171 172 174 365 393 402 430 439 467 476 504 513 541 569 578 606 615 643 652 680 689 717
177 179 180 183 185 186 188 172 173 175 366 394 403 431 440 468 477 505 514 542 551 579 607 616 644 653 681 690 718
178 180 181 184 186 187 189 173 174 176 367 395 404 432 441 469 478 506 515 543 552 580 589 617 645 654 682 691 719
179 181 182 185 187 188 171 174 175 177 368 396 405 433 442 470 479 507 516 544 553 581 590 618 627 655 683 692 720
180 182 183 186 188 189 172 175 176 178 369 397 406 434 443 471 480 508 517 545 554 582 591 619 628 656 665 693 721
181 183 184 187 189 171 173 176 177 179 370 398 407 435 444 472 481 509 518 546 555 583 592 620 629 657 666 694 703
182 184 185 188 171 172 174 177 178 180 371 380 408 436 445 473 482 510 519 547 556 584 593 621 630 658 667 695 704
183 185 186 189 172 173 175 178 179 181 372 381 409 418 446 474 483 511 520 548 557 585 594 622 631 659 668 696 705
184 186 187 171 173 174 176 179 180 182 373 382 410 419 447 456 484 512 521 549 558 586 595 623 632 660 669 697 706
185 187 188 172 174 175 177 180 181 183 374 383 411 420 448 457 485 494 522 550 559 587 596 624 633 661 670 698 707
186 188 189 173 175 176 178 181 182 184 375 384 412 421 449 458 486 495 523 532 560 588 597 625 634 662 671 699 708
187 189 171 174 176 177 179 182 183 185 376 385 413 422 450 459 487 496 524 533 561 570 598 626 635 663 672 700 709
188 171 172 175 177 178 180 183 184 186 377 386 414 423 451 460 488 497 525 534 562 571 599 608 636 664 673 701 710
189 172 173 176 178 179 181 184 185 187 378 387 415 424 452 461 489 498 526 535 563 572 600 609 637 646 674 702 711
171 173 174 177 179 180 182 185 186 188 379 388 416 425 453 462 490 499 527 536 564 573 601 610 638 647 675 684 712
191 193 194 197 199 200 202 205 206 208 361 390 400 429 439 468 478 507 517 546 556 585 595 624 634 663 673 702 712
192 194 195 198 200 201 203 206 207 190 362 391 401 430 440 469 479 508 518 547 557 586 596 625 635 664 674 684 713
193 195 196 199 201 202 204 207 208 191 363 392 402 431 441 470 480 509 519 548 558 587 597 626 636 646 675 685 714
194 196 197 200 202 203 205 208 190 192 364 393 403 432 442 471 481 510 520 549 559 588 598 608 637 647 676 686 715
195 197 198 201 203 204 206 190 191 193 365 394 404 433 443 472 482 511 521 550 560 570 599 609 638 648 677 687 716
196 198 199 202 204 205 207 191 192 194 366 395 405 434 444 473 483 512 522 532 561 571 600 610 639 649 678 688 717
197 199 200 203 205 206 208 192 193 195 367 396 406 435 445 474 484 494 523 533 562 572 601 611 640 650 679 689 718
198 200 201 204 206 207 190 193 194 196 368 397 407 436 446 456 485 495 524 534 563 573 602 612 641 651 680 690 719
199 201 202 205 207 208 191 194 195 197 369 398 408 418 447 457 486 496 525 535 564 574 603 613 642 652 681 691 720
200 202 203 206 208 190 192 195 196 198 370 380 409 419 448 458 487 497 526 536 565 575 604 614 643 653 682 692 721
201 203 204 207 190 191 193 196 197 199 371 381 410 420 449 459 488 498 527 537 566 576 605 615 644 654 683 693 703
202 204 205 208 191 192 194 197 198 200 372 382 411 421 450 460 489 499 528 538 567 577 606 616 645 655 665 694 704
203 205 206 190 192 193 195 198 199 201 373 383 412 422 451 461 490 500 529 539 568 578 607 617 627 656 666 695 705
204 206 207 191 193 194 196 199 200 202 374 384 413 423 452 462 491 501 530 540 569 579 589 618 628 657 667 696 706
205 207 208 192 194 195 197 200 201 203 375 385 414 424 453 463 492 502 531 541 551 580 590 619 629 658 668 697 707
206 208 190 193 195 196 198 201 202 204 376 386 415 425 454 464 493 503 513 542 552 581 591 620 630 659 669 698 708
207 190 191 194 196 197 199 202 203 205 377 387 416 426 455 465 475 504 514 543 553 582 592 621 631 660 670 699 709
208 191 192 195 197 198 200 203 204 206 378 388 417 427 437 466 476 505 515 544 554 583 593 622 632 661 671 700 710
190 192 193 196 198 199 201 204 205 207 379 389 399 428 438 467 477 506 516 545 555 584 594 623 633 662 672 701 711
210 212 213 216 218 219 221 224 225 227 361 391 402 432 443 473 484 495 525 536 566 577 607 618 629 659 670 700 711
211 213 214 217 219 220 222 225 226 209 362 392 403 433 444 474 485 496 526 537 567 578 589 619 630 660 671 701 712
212 214 215 218 220 221 223 226 227 210 363 393 404 434 445 456 486 497 527 538 568 579 590 620 631 661 672 702 713
213 215 216 219 221 222 224 227 209 211 364 394 405 435 446 457 487 498 528 539 569 580 591 621 632 662 673 684 714
214 216 217 220 222 223 225 209 210 212 365 395 406 436 447 458 488 499 529 540 551 581 592 622 633 663 674 685 715
215 217 218 221 223 224 226 210 211 213 366 396 407 418 448 459 489 500 530 541 552 582 593 623 634 664 675 686 716
216 218 219 222 224 225 227 211 212 214 367 397 408 419 449 460 490 501 531 542 553 583 594 624 635 646 676 687 717
217 219 220 223 225 226 209 212 213 215 368 398 409 420 450 461 491 502 513 543 554 584 595 625 636 647 677 688 718
218 220 221 224 226 227 210 213 214 216 369 380 410 421 451 462 492 503 514 544 555 585 596 626 637 648 678 689 719
219 221 222 225 227 209 211 214 215 217 370 381 411 422 452 463 493 504 515 545 556 586 597 608 638 649 679 690 720
220 222 223 226 209 210 212 215 216 218 371 382 412 423 453 464 475 505 516 546 557 587 598 609 639 650 680 691 721
221 223 224 227 210 211 213 216 217 219 372 383 413 424 454 465 476 506 517 547 558 588 599 610 640 651 681 692 703
222 224 225 209 211 212 214 217 218 220 373 384 414 425 455 466 477 507 518 548 559 570 600 611 641 652 682 693 704
223 225 226 210 212 213 215 218 219 221 374 385 415 426 437 467 478 508 519 549 560 571 601 612 642 653 683 694 705
224 226 227 211 213 214 216 219 220 222 375 386 416 427 438 468 479 509 520 550 561 572 602 613 643 654 665 695 706
225 227 209 212 214 215 217 220 221 223 376 387 417 428 439 469 480 510 521 532 562 573 603 614 644 655 666 696 707
226 209 210 213 215 216 218 221 222 224 377 388 399 429 440 470 481 511 522 533 563 574 604 615 645 656 667 697 708
227 210 211 214 216 217 219 222 223 225 378 389 400 430 441 471 482 512 523 534 564 575 605 616 627 657 668 698 709
209 211 212 215 217 218 220 223 224 226 379 390 401 431 442 472 483 494 524 535 565 576 606 617 628 658 669 699 710
229 231 232 235 237 238 240 243 244 246 361 392 404 435 447 459 490 502 514 545 557 588 600 612 643 655 667 698 710
230 232 233 236 238 239 241 244 245 228 362 393 405 436 448 460 491 503 515 546 558 570 601 613 644 656 668 699 711
231 233 234 237 239 240 242 245 246 229 363 394 406 418 449 461 492 504 516 547 559 571 602 614 645 657 669 700 712
232 234 235 238 240 241 243 246 228 230 364 395 407 419 450 462 493 505 517 548 560 572 603 615 627 658 670 701 713
233 235 236 239 241 242 244 228 229 231 365 396 408 420 451 463 475 506 518 549 561 573 604 616 628 659 671 702 714
234 236 237 240 242 243 245 229 230 232 366 397 409 421 452 464 476 507 519 550 562 574 605 617 629 660 672 684 715
235 237 238 241 243 244 246 230 231 233 367 398 410 422 453 465 477 508 520 532 563 575 606 618 630 661 673 685 716
236 238 239 242 244 245 228 231 232 234 368 380 411 423 454 466 478 509 521 533 564 576 607 619 631 662 674 686 717
237 239 240 243 245 246 229 232 233 235 369 381 412 424 455 467 479 510 522 534 565 577 589 620 632 663 675 687 718
238 240 241 244 246 228 230 233 234 236 370 382 413 425 437 468 480 511 523 535 566 578 590 621 633 664 676 688 719
239 241 242 245 228 229 231 234 235 237 371 383 414 426 438 469 481 512 524 536 567 579 591 622 634 646 677 689 720
240 242 243 246 229 230 232 235 236 238 372 384 415 427 439 470 482 494 525 537 568 580 592 623 635 647 678 690 721
241 243 244 228 230 231 233 236 237 239 373 385 416 428 440 471 483 495 526 538 569 581 593 624 636 648 679 691 703
242 244 245 229 231 232 234 237 238 240 374 386 417 429 441 472 484 496 527 539 551 582 594 625 637 649 680 692 704
243 245 246 230 232 233 235 238 239 241 375 387 399 430 442 473 485 497 528 540 552 583 595 626 638 650 681 693 705
244 246 228 231 233 234 236 239 240 242 376 388 400 431 443 474 486 498 529 541 553 584 596 608 639 651 682 694 706
245 228 229 232 234 235 237 240 241 243 377 389 401 432 444 456 487 499 530 542 554 585 597 609 640 652 683 695 707
246 229 230 233 235 236 238 241 242 244 378 390 402 433 445 457 488 500 531 543 555 586 598 610 641 653 665 696 708
228 230 231 234 236 237 239 242 243 245 379 391 403 434 446 458 489 501 513 544 556 587 599 611 642 654 666 697 709
248 250 251 254 256 257 259 262 263 265 361 393 406 419 451 464 477 509 522 535 567 580 593 625 638 651 683 696 709
249 251 252 255 257 258 260 263 264 247 362 394 407 420 452 465 478 510 523 536 568 581 594 626 639 652 665 697 710
250 252 253 256 258 259 261 264 265 248 363 395 408 421 453 466 479 511 524 537 569 582 595 608 640 653 666 698 711
251 253 254 257 259 260 262 265 247 249 364 396 409 422 454 467 480 512 525 538 551 583 596 609 641 654 667 699 712
252 254 255 258 260 261 263 247 248 250 365 397 410 423 455 468 481 494 526 539 552 584 597 610 642 655 668 700 713
253 255 256 259 261 262 264 248 249 251 366 398 411 424 437 469 482 495 527 540 553 585 598 611 643 656 669 701 714
254 256 257 260 262 263 265 249 250 252 367 380 412 425 438 470 483 496 528 541 554 586 599 612 644 657 670 702 715
255 257 258 261 263 264 247 250 251 253 368 381 413 426 439 471 484 497 529 542 555 587 600 613 645 658 671 684 716
256 258 259 262 264 265 248 251 252 254 369 382 414 427 440 472 485 498 530 543 556 588 601 614 627 659 672 685 717
257 259 260 263 265 247 249 252 253 255 370 383 415 428 441 473 486 499 531 544 557 570 602 615 628 660 673 686 718
258 260 261 264 247 248 250 253 254 256 371 384 416 429 442 474 487 500 513 545 558 571 603 616 629 661 674 687 719
259 261 262 265 248 249 251 254 255 257 372 385 417 430 443 456 488 501 514 546 559 572 604 617 630 662 675 688 720
260 262 263 247 249 250 252 255 256 258 373 386 399 431 444 457 489 502 515 547 560 573 605 618 631 663 676 689 721
261 263 264 248 250 251 253 256 257 259 374 387 400 432 445 458 490 503 516 548 561 574 606 619 632 664 677 690 703
262 264 265 249 251 252 254 257 258 260 375 388 401 433 446 459 491 504 517 549 562 575 607 620 633 646 678 691 704
263 265 247 250 252 253 255 258 259 261 376 389 402 434 447 460 492 505 518 550 563 576 589 621 634 647 679 692 705
264 247 248 251 253 254 256 259 260 262 377 390 403 435 448 461 493 506 519 532 564 577 590 622 635 648 680 693 706
265 248 249 252 254 255 257 260 261 263 378 391 404 436 449 462 475 507 520 533 565 578 591 623 636 649 681 694 707
247 249 250 253 255 256 258 261 262 264 379 392 405 418 450 463 476 508 521 534 566 579 592 624 637 650 682 695 708
267 269 270 273 275 276 278 281 282 284 361 394 408 422 455 469 483 497 530 544 558 572 605 619 633 647 680 694 708
268 270 271 274 276 277 279 282 283 266 362 395 409 423 437 470 484 498 531 545 559 573 606 620 634 648 681 695 709
269 271 272 275 277 278 280 283 284 267 363 396 410 424 438 471 485 499 513 546 560 574 607 621 635 649 682 696 710
270 272 273 276 278 279 281 284 266 268 364 397 411 425 439 472 486 500 514 547 561 575 589 622 636 650 683 697 711
271 273 274 277 279 280 282 266 267 269 365 398 412 426 440 473 487 501 515 548 562 576 590 623 637 651 665 698 712
272 274 275 278 280 281 283 267 268 270 366 380 413 427 441 474 488 502 516 549 563 577 591 624 638 652 666 699 713
273 275 276 279 281 282 284 268 269 271 367 381 414 428 442 456 489 503 517 550 564 578 592 625 639 653 667 700 714
274 276 277 280 282 283 266 269 270 272 368 382 415 429 443 457 490 504 518 532 565 579 593 626 640 654 668 701 715
275 277 278 281 283 284 267 270 271 273 369 383 416 430 444 458 491 505 519 533 566 580 594 608 641 655 669 702 716
276 278 279 282 284 266 268 271 272 274 370 384 417 431 445 459 492 506 520 534 567 581 595 609 642 656 670 684 717
277 279 280 283 266 267 269 272 273 275 371 385 399 432 446 460 493 507 521 535 568 582 596 610 643 657 671 685 718
278 280 281 284 267 268 270 273 274 276 372 386 400 433 447 461 475 508 522 536 569 583 597 611 644 658 672 686 719
279 281 282 266 268 269 271 274 275 277 373 387 401 434 448 462 476 509 523 537 551 584 598 612 645 659 673 687 720
280 282 283 267 269 270 272 275 276 278 374 388 402 435 449 463 477 510 524 538 552 585 599 613 627 660 674 688 721
281 283 284 268 270 271 273 276 277 279 375 389 403 436 450 464 478 511 525 539 553 586 600 614 628 661 675 689 703
282 284 266 269 271 272 274 277 278 280 376 390 404 418 451 465 479 512 526 540 554 587 601 615 629 662 676 690 704
283 266 267 270 272 273 275 278 279 281 377 391 405 419 452 466 480 494 527 541 555 588 602 616 630 663 677 691 705
284 267 268 271 273 274 276 279 280 282 378 392 406 420 453 467 481 495 528 542 556 570 603 617 631 664 678 692 706
266 268 269 272 274 275 277 280 281 283 379 393 407 421 454 468 482 496 529 543 557 571 604 618 632 646 679 693 707
286 288 289 292 294 295 297 300 301 303 361 395 410 425 440 474 489 504 519 534 568 583 598 613 628 662 677 692 707
287 289 290 293 295 296 298 301 302 285 362 396 411 426 441 456 490 505 520 535 569 584 599 614 629 663 678 693 708
288 290 291 294 296 297 299 302 303 286 363 397 412 427 442 457 491 506 521 536 551 585 600 615 630 664 679 694 709
289 291 292 295 297 298 300 303 285 287 364 398 413 428 443 458 492 507 522 537 552 586 601 616 631 646 680 695 710
290 292 293 296 298 299 301 285 286 288 365 380 414 429 444 459 493 508 523 538 553 587 602 617 632 647 681 696 711
291 293 294 297 299 300 302 286 287 289 366 381 415 430 445 460 475 509 524 539 554 588 603 618 633 648 682 697 712
292 294 295 298 300 301 303 287 288 290 367 382 416 431 446 461 476 510 525 540 555 570 604 619 634 649 683 698 713
293 295 296 299 301 302 285 288 289 291 368 383 417 432 447 462 477 511 526 541 556 571 605 620 635 650 665 699 714
294 296 297 300 302 303 286 289 290 292 369 384 399 433 448 463 478 512 527 542 557 572 606 621 636 651 666 700 715
295 297 298 301 303 285 287 290 291 293 370 385 400 434 449 464 479 494 528 543 558 573 607 622 637 652 667 701 716
296 298 299 302 285 286 288 291 292 294 371 386 401 435 450 465 480 495 529 544 559 574 589 623 638 653 668 702 717
297 299 300 303 286 287 289 292 293 295 372 387 402 436 451 466 481 496 530 545 560 575 590 624 639 654 669 684 718
298 300 301 285 287 288 290 293 294 296 373 388 403 418 452 467 482 497 531 546 561 576 591 625 640 655 670 685 719
299 301 302 286 288 289 291 294 295 297 374 389 404 419 453 468 483 498 513 547 562 577 592 626 641 656 671 686 720
300 302 303 287 289 290 292 295 296 298 375 390 405 420 454 469 484 499 514 548 563 578 593 608 642 657 672 687 721
301 303 285 288 290 291 293 296 297 299 376 391 406 421 455 470 485 500 515 549 564 579 594 609 643 658 673 688 703
302 285 286 289 291 292 294 297 298 300 377 392 407 422 437 471 486 501 516 550 565 580 595 610 644 659 674 689 704
303 286 287 290 292 293 295 298 299 301 378 393 408 423 438 472 487 502 517 532 566 581 596 611 645 660 675 690 705
285 287 288 291 293 294 296 299 300 302 379 394 409 424 439 473 488 503 518 533 567 582 597 612 627 661 676 691 706
305 307 308 311 313 314 316 319 320 322 361 396 412 428 444 460 476 511 527 543 559 575 591 626 642 658 674 690 706
306 308 309 312 314 315 317 320 321 304 362 397 413 429 445 461 477 512 528 544 560 576 592 608 643 659 675 691 707
307 309 310 313 315 316 318 321 322 305 363 398 414 430 446 462 478 494 529 545 561 577 593 609 644 660 676 692 708
308 310 311 314 316 317 319 322 304 306 364 380 415 431 447 463 479 495 530 546 562 578 594 610 645 661 677 693 709
309 311 312 315 317 318 320 304 305 307 365 381 416 432 448 464 480 496 531 547 563 579 595 611 627 662 678 694 710
310 312 313 316 318 319 321 305 306 308 366 382 417 433 449 465 481 497 513 548 564 580 596 612 628 663 679 695 711
311 313 314 317 319 320 322 306 307 309 367 383 399 434 450 466 482 498 514 549 565 581 597 613 629 664 680 696 712
312 314 315 318 320 321 304 307 308 310 368 384 400 435 451 467 483 499 515 550 566 582 598 614 630 646 681 697 713
313 315 316 319 321 322 305 308 309 311 369 385 401 436 452 468 484 500 516 532 567 583 599 615 631 647 682 698 714
314 316 317 320 322 304 306 309 310 312 370 386 402 418 453 469 485 501 517 533 568 584 600 616 632 648 683 699 715
315 317 318 321 304 305 307 310 311 313 371 387 403 419 454 470 486 502 518 534 569 585 601 617 633 649 665 700 716
316 318 319 322 305 306 308 311 312 314 372 388 404 420 455 471 487 503 519 535 551 586 602 618 634 650 666 701 717
317 319 320 304 306 307 309 312 313 315 373 389 405 421 437 472 488 504 520 536 552 587 603 619 635 651 667 702 718
318 320 321 305 307 308 310 313 314 316 374 390 406 422 438 473 489 505 521 537 553 588 604 620 636 652 668 684 719
319 321 322 306 308 309 311 314 315 317 375 391 407 423 439 474 490 506 522 538 554 570 605 621 637 653 669 685 720
320 322 304 307 309 310 312 315 316 318 376 392 408 424 440 456 491 507 523 539 555 571 606 622 638 654 670 686 721
321 304 305 308 310 311 313 316 317 319 377 393 409 425 441 457 492 508 524 540 556 572 607 623 639 655 671 687 703
322 305 306 309 311 312 314 317 318 320 378 394 410 426 442 458 493 509 525 541 557 573 589 624 640 656 672 688 704
304 306 307 310 312 313 315 318 319 321 379 395 411 427 443 459 475 510 526 542 558 574 590 625 641 657 673 689 705
324 326 327 330 332 333 335 338 339 341 361 397 414 431 448 465 482 499 516 533 569 586 603 620 637 654 671 688 705
325 327 328 331 333 334 336 339 340 323 362 398 415 432 449 466 483 500 517 534 551 587 604 621 638 655 672 689 706
326 328 329 332 334 335 337 340 341 324 363 380 416 433 450 467 484 501 518 535 552 588 605 622 639 656 673 690 707
327 329 330 333 335 336 338 341 323 325 364 381 417 434 451 468 485 502 519 536 553 570 606 623 640 657 674 691 708
328 330 331 334 336 337 339 323 324 326 365 382 399 435 452 469 486 503 520 537 554 571 607 624 641 658 675 692 709
329 331 332 335 337 338 340 324 325 327 366 383 400 436 453 470 487 504 521 538 555 572 589 625 642 659 676 693 710
330 332 333 336 338 339 341 325 326 328 367 384 401 418 454 471 488 505 522 539 556 573 590 626 643 660 677 694 711
331 333 334 337 339 340 323 326 327 329 368 385 402 419 455 472 489 506 523 540 557 574 591 608 644 661 678 695 712
332 334 335 338 340 341 324 327 328 330 369 386 403 420 437 473 490 507 524 541 558 575 592 609 645 662 679 696 713
333 335 336 339 341 323 325 328 329 331 370 387 404 421 438 474 491 508 525 542 559 576 593 610 627 663 680 697 714
334 336 337 340 323 324 326 329 330 332 371 388 405 422 439 456 492 509 526 543 560 577 594 611 628 664 681 698 715
335 337 338 341 324 325 327 330 331 333 372 389 406 423 440 457 493 510 527 544 561 578 595 612 629 646 682 699 716
336 338 339 323 325 326 328 331 332 334 373 390 407 424 441 458 475 511 528 545 562 579 596 613 630 647 683 700 717
337 339 340 324 326 327 329 332 333 335 374 391 408 425 442 459 476 512 529 546 563 580 597 614 631 648 665 701 718
338 340 341 325 327 328 330 333 334 336 375 392 409 426 443 460 477 494 530 547 564 581 598 615 632 649 666 702 719
339 341 323 326 328 329 331 334 335 337 376 393 410 427 444 461 478 495 531 548 565 582 599 616 633 650 667 684 720
340 323 324 327 329 330 332 335 336 338 377 394 411 428 445 462 479 496 513 549 566 583 600 617 634 651 668 685 721
341 324 325 328 330 331 333 336 337 339 378 395 412 429 446 463 480 497 514 550 567 584 601 618 635 652 669 686 703
323 325 326 329 331 332 334 337 338 340 379 396 413 430 447 464 481 498 515 532 568 585 602 619 636 653 670 687 704
343 345 346 349 351 352 354 357 358 360 361 398 416 434 452 470 488 506 524 542 560 578 596 614 632 650 668 686 704
344 346 347 350 352 353 355 358 359 342 362 380 417 435 453 471 489 507 525 543 561 579 597 615 633 651 669 687 705
345 347 348 351 353 354 356 359 360 343 363 381 399 436 454 472 490 508 526 544 562 580 598 616 634 652 670 688 706
346 348 349 352 354 355 357 360 342 344 364 382 400 418 455 473 491 509 527 545 563 581 599 617 635 653 671 689 707
347 349 350 353 355 356 358 342 343 345 365 383 401 419 437 474 492 510 528 546 564 582 600 618 636 654 672 690 708
348 350 351 354 356 357 359 343 344 346 366 384 402 420 438 456 493 511 529 547 565 583 601 619 637 655 673 691 709
349 351 352 355 357 358 360 344 345 347 367 385 403 421 439 457 475 512 530 548 566 584 602 620 638 656 674 692 710
350 352 353 356 358 359 342 345 346 348 368 386 404 422 440 458 476 494 531 549 567 585 603 621 639 657 675 693 711
351 353 354 357 359 360 343 346 347 349 369 387 405 423 441 459 477 495 513 550 568 586 604 622 640 658 676 694 712
352 354 355 358 360 342 344 347 348 350 370 388 406 424 442 460 478 496 514 532 569 587 605 623 641 659 677 695 713
353 355 356 359 342 343 345 348 349 351 371 389 407 425 443 461 479 497 515 533 551 588 606 624 642 660 678 696 714
354 356 357 360 343 344 346 349 350 352 372 390 408 426 444 462 480 498 516 534 552 570 607 625 643 661 679 697 715
355 357 358 342 344 345 347 350 351 353 373 391 409 427 445 463 481 499 517 535 553 571 589 626 644 662 680 698 716
356 358 359 343 345 346 348 351 352 354 374 392 410 428 446 464 482 500 518 536 554 572 590 608 645 663 681 699 717
357 359 360 344 346 347 349 352 353 355 375 393 411 429 447 465 483 501 519 537 555 573 591 609 627 664 682 700 718
358 360 342 345 347 348 350 353 354 356 376 394 412 430 448 466 484 502 520 538 556 574 592 610 628 646 683 701 719
359 342 343 346 348 349 351 354 355 357 377 395 413 431 449 467 485 503 521 539 557 575 593 611 629 647 665 702 720
360 343 344 347 349 350 352 355 356 358 378 396 414 432 450 468 486 504 522 540 558 576 594 612 630 648 666 684 721
342 344 345 348 350 351 353 356 357 359 379 397 415 433 451 469 487 505 523 541 559 577 595 613 631 649 667 685 703
363 367 369 375 379 362 366 372 374 378 0 19 38 57 76 95 114 133 152 171 190 209 228 247 266 285 304 323 342
364 368 370 376 361 363 367 373 375 379 1 20 39 58 77 96 115 134 153 172 191 210 229 248 267 286 305 324 343
365 369 371 377 362 364 368 374 376 361 2 21 40 59 78 97 116 135 154 173 192 211 230 249 268 287 306 325 344
366 370 372 378 363 365 369 375 377 362 3 22 41 60 79 98 117 136 155 174 193 212 231 250 269 288 307 326 345
367 371 373 379 364 366 370 376 378 363 4 23 42 61 80 99 118 137 156 175 194 213 232 251 270 289 308 327 346
368 372 374 361 365 367 371 377 379 364 5 24 43 62 81 100 119 138 157 176 195 214 233 252 271 290 309 328 347
369 373 375 362 366 368 372 378 361 365 6 25 44 63 82 101 120 139 158 177 196 215 234 253 272 291 310 329 348
370 374 376 363 367 369 373 379 362 366 7 26 45 64 83 102 121 140 159 178 197 216 235 254 273 292 311 330 349
371 375 377 364 368 370 374 361 363 367 8 27 46 65 84 103 122 141 160 179 198 217 236 255 274 293 312 331 350
372 376 378 365 369 371 375 362 364 368 9 28 47 66 85 104 123 142 161 180 199 218 237 256 275 294 313 332 351
373 377 379 366 370 372 376 363 365 369 10 29 48 67 86 105 124 143 162 181 200 219 238 257 276 295 314 333 352
374 378 361 367 371 373 377 364 366 370 11 30 49 68 87 106 125 144 163 182 201 220 239 258 277 296 315 334 353
375 379 362 368 372 374 378 365 367 371 12 31 50 69 88 107 126 145 164 183 202 221 240 259 278 297 316 335 354
376 361 363 369 373 375 379 366 368 372 13 32 51 70 89 108 127 146 165 184 203 222 241 260 279 298 317 336 355
377 362 364 370 374 376 361 367 369 373 14 33 52 71 90 109 128 147 166 185 204 223 242 261 280 299 318 337 356
378 363 365 371 375 377 362 368 370 374 15 34 53 72 91 110 129 148 167 186 205 224 243 262 281 300 319 338 357
379 364 366 372 376 378 363 369 371 375 16 35 54 73 92 111 130 149 168 187 206 225 244 263 282 301 320 339 358
361 365 367 373 377 379 364 370 372 376 17 36 55 74 93 112 131 150 169 188 207 226 245 264 283 302 321 340 359
362 366 368 374 378 361 365 371 373 377 18 37 56 75 94 113 132 151 170 189 208 227 246 265 284 303 322 341 360
382 386 388 394 398 381 385 391 393 397 0 37 55 73 91 109 127 145 163 181 199 217 235 253 271 289 307 325 343
383 387 389 395 380 382 386 392 394 398 1 19 56 74 92 110 128 146 164 182 200 218 236 254 272 290 308 326 344
384 388 390 396 381 383 387 393 395 380 2 20 38 75 93 111 129 147 165 183 201 219 237 255 273 291 309 327 345
385 389 391 397 382 384 388 394 396 381 3 21 39 57 94 112 130 148 166 184 202 220 238 256 274 292 310 328 346
386 390 392 398 383 385 389 395 397 382 4 22 40 58 76 113 131 149 167 185 203 221 239 257 275 293 311 329 347
387 391 393 380 384 386 390 396 398 383 5 23 41 59 77 95 132 150 168 186 204 222 240 258 276 294 312 330 348
388 392 394 381 385 387 391 397 380 384 6 24 42 60 78 96 114 151 169 187 205 223 241 259 277 295 313 331 349
389 393 395 382 386 388 392 398 381 385 7 25 43 61 79 97 115 133 170 188 206 224 242 260 278 296 314 332 350
390 394 396 383 387 389 393 380 382 386 8 26 44 62 80 98 116 134 152 189 207 225 243 261 279 297 315 333 351
391 395 397 384 388 390 394 381 383 387 9 27 45 63 81 99 117 135 153 171 208 226 244 262 280 298 316 334 352
392 396 398 385 389 391 395 382 384 388 10 28 46 64 82 100 118 136 154 172 190 227 245 263 281 299 317 335 353
393 397 380 386 390 392 396 383 385 389 11 29 47 65 83 101 119 137 155 173 191 209 246 264 282 300 318 336 354
394 398 381 387 391 393 397 384 386 390 12 30 48 66 84 102 120 138 156 174 192 210 228 265 283 301 319 337 355
395 380 382 388 392 394 398 385 387 391 13 31 49 67 85 103 121 139 157 175 193 211 229 247 284 302 320 338 356
396 381 383 389 393 395 380 386 388 392 14 32 50 68 86 104 122 140 158 176 194 212 230 248 266 303 321 339 357
397 382 384 390 394 396 381 387 389 393 15 33 51 69 87 105 123 141 159 177 195 213 231 249 267 285 322 340 358
398 383 385 391 395 397 382 388 390 394 16 34 52 70 88 106 124 142 160 178 196 214 232 250 268 286 304 341 359
380 384 386 392 396 398 383 389 391 395 17 35 53 71 89 107 125 143 161 179 197 215 233 251 269 287 305 323 360
381 385 387 393 397 380 384 390 392 396 18 36 54 72 90 108 126 144 162 180 198 216 234 252 270 288 306 324 342
401 405 407 413 417 400 404 410 412 416 0 36 53 70 87 104 121 138 155 172 208 225 242 259 276 293 310 327 344
402 406 408 414 399 401 405 411 413 417 1 37 54 71 88 105 122 139 156 173 190 226 243 260 277 294 311 328 345
403 407 409 415 400 402 406 412 414 399 2 19 55 72 89 106 123 140 157 174 191 227 244 261 278 295 312 329 346
404 408 410 416 401 403 407 413 415 400 3 20 56 73 90 107 124 141 158 175 192 209 245 262 279 296 313 330 347
405 409 411 417 402 404 408 414 416 401 4 21 38 74 91 108 125 142 159 176 193 210 246 263 280 297 314 331 348
406 410 412 399 403 405 409 415 417 402 5 22 39 75 92 109 126 143 160 177 194 211 228 264 281 298 315 332 349
407 411 413 400 404 406 410 416 399 403 6 23 40 57 93 110 127 144 161 178 195 212 229 265 282 299 316 333 350
408 412 414 401 405 407 411 417 400 404 7 24 41 58 94 111 128 145 162 179 196 213 230 247 283 300 317 334 351
409 413 415 402 406 408 412 399 401 405 8 25 42 59 76 112 129 146 163 180 197 214 231 248 284 301 318 335 352
410 414 416 403 407 409 413 400 402 406 9 26 43 60 77 113 130 147 164 181 198 215 232 249 266 302 319 336 353
411 415 417 404 408 410 414 401 403 407 10 27 44 61 78 95 131 148 165 182 199 216 233 250 267 303 320 337 354
412 416 399 405 409 411 415 402 404 408 11 28 45 62 79 96 132 149 166 183 200 217 234 251 268 285 321 338 355
413 417 400 406 410 412 416 403 405 409 12 29 46 63 80 97 114 150 167 184 201 218 235 252 269 286 322 339 356
414 399 401 407 411 413 417 404 406 410 13 30 47 64 81 98 115 151 168 185 202 219 236 253 270 287 304 340 357
415 400 402 408 412 414 399 405 407 411 14 31 48 65 82 99 116 133 169 186 203 220 237 254 271 288 305 341 358
416 401 403 409 413 415 400 406 408 412 15 32 49 66 83 100 117 134 170 187 204 221 238 255 272 289 306 323 359
417 402 404 410 414 416 401 407 409 413 16 33 50 67 84 101 118 135 152 188 205 222 239 256 273 290 307 324 360
399 403 405 411 415 417 402 408 410 414 17 34 51 68 85 102 119 136 153 189 206 223 240 257 274 291 308 325 342
400 404 406 412 416 399 403 409 411 415 18 35 52 69 86 103 120 137 154 171 207 224 241 258 275 292 309 326 343
420 424 426 432 436 419 423 429 431 435 0 35 51 67 83 99 115 150 166 182 198 214 230 265 281 297 313 329 345
421 425 427 433 418 420 424 430 432 436 1 36 52 68 84 100 116 151 167 183 199 215 231 247 282 298 314 330 346
422 426 428 434 419 421 425 431 433 418 2 37 53 69 85 101 117 133 168 184 200 216 232 248 283 299 315 331 347
423 427 429 435 420 422 426 432 434 419 3 19 54 70 86 102 118 134 169 185 201 217 233 249 284 300 316 332 348
424 428 430 436 421 423 427 433 435 420 4 20 55 71 87 103 119 135 170 186 202 218 234 250 266 301 317 333 349
425 429 431 418 422 424 428 434 436 421 5 21 56 72 88 104 120 136 152 187 203 219 235 251 267 302 318 334 350
426 430 432 419 423 425 429 435 418 422 6 22 38 73 89 105 121 137 153 188 204 220 236 252 268 303 319 335 351
427 431 433 420 424 426 430 436 419 423 7 23 39 74 90 106 122 138 154 189 205 221 237 253 269 285 320 336 352
428 432 434 421 425 427 431 418 420 424 8 24 40 75 91 107 123 139 155 171 206 222 238 254 270 286 321 337 353
429 433 435 422 426 428 432 419 421 425 9 25 41 57 92 108 124 140 156 172 207 223 239 255 271 287 322 338 354
430 434 436 423 427 429 433 420 422 426 10 26 42 58 93 109 125 141 157 173 208 224 240 256 272 288 304 339 355
431 435 418 424 428 430 434 421 423 427 11 27 43 59 94 110 126 142 158 174 190 225 241 257 273 289 305 340 356
432 436 419 425 429 431 435 422 424 428 12 28 44 60 76 111 127 143 159 175 191 226 242 258 274 290 306 341 357
433 418 420 426 430 432 436 423 425 429 13 29 45 61 77 112 128 144 160 176 192 227 243 259 275 291 307 323 358
434 419 421 427 431 433 418 424 426 430 14 30 46 62 78 113 129 145 161 177 193 209 244 260 276 292 308 324 359
435 420 422 428 432 434 419 425 427 431 15 31 47 63 79 95 130 146 162 178 194 210 245 261 277 293 309 325 360
436 421 423 429 433 435 420 426 428 432 16 32 48 64 80 96 131 147 163 179 195 211 246 262 278 294 310 326 342
418 422 424 430 434 436 421 427 429 433 17 33 49 65 81 97 132 148 164 180 196 212 228 263 279 295 311 327 343
419 423 425 431 435 418 422 428 430 434 18 34 50 66 82 98 114 149 165 181 197 213 229 264 280 296 312 328 344
439 443 445 451 455 438 442 448 450 454 0 34 49 64 79 113 128 143 158 173 207 222 237 252 267 301 316 331 346
440 444 446 452 437 439 443 449 451 455 1 35 50 65 80 95 129 144 159 174 208 223 238 253 268 302 317 332 347
441 445 447 453 438 440 444 450 452 437 2 36 51 66 81 96 130 145 160 175 190 224 239 254 269 303 318 333 348
442 446 448 454 439 441 445 451 453 438 3 37 52 67 82 97 131 146 161 176 191 225 240 255 270 285 319 334 349
443 447 449 455 440 442 446 452 454 439 4 19 53 68 83 98 132 147 162 177 192 226 241 256 271 286 320 335 350
444 448 450 437 441 443 447 453 455 440 5 20 54 69 84 99 114 148 163 178 193 227 242 257 272 287 321 336 351
445 449 451 438 442 444 448 454 437 441 6 21 55 70 85 100 115 149 164 179 194 209 243 258 273 288 322 337 352
446 450 452 439 443 445 449 455 438 442 7 22 56 71 86 101 116 150 165 180 195 210 244 259 274 289 304 338 353
447 451 453 440 444 446 450 437 439 443 8 23 38 72 87 102 117 151 166 181 196 211 245 260 275 290 305 339 354
448 452 454 441 445 447 451 438 440 444 9 24 39 73 88 103 118 133 167 182 197 212 246 261 276 291 306 340 355
449 453 455 442 446 448 452 439 441 445 10 25 40 74 89 104 119 134 168 183 198 213 228 262 277 292 307 341 356
450 454 437 443 447 449 453 440 442 446 11 26 41 75 90 105 120 135 169 184 199 214 229 263 278 293 308 323 357
451 455 438 444 448 450 454 441 443 447 12 27 42 57 91 106 121 136 170 185 200 215 230 264 279 294 309 324 358
452 437 439 445 449 451 455 442 444 448 13 28 43 58 92 107 122 137 152 186 201 216 231 265 280 295 310 325 359
453 438 440 446 450 452 437 443 445 449 14 29 44 59 93 108 123 138 153 187 202 217 232 247 281 296 311 326 360
454 439 441 447 451 453 438 444 446 450 15 30 45 60 94 109 124 139 154 188 203 218 233 248 282 297 312 327 342
455 440 442 448 452 454 439 445 447 451 16 31 46 61 76 110 125 140 155 189 204 219 234 249 283 298 313 328 343
437 441 443 449 453 455 440 446 448 452 17 32 47 62 77 111 126 141 156 171 205 220 235 250 284 299 314 329 344
438 442 444 450 454 437 441 447 449 453 18 33 48 63 78 112 127 142 157 172 206 221 236 251 266 300 315 330 345
458 462 464 470 474 457 461 467 469 473 0 33 47 61 94 108 122 136 169 183 197 211 244 258 272 286 319 333 347
459 463 465 471 456 458 462 468 470 474 1 34 48 62 76 109 123 137 170 184 198 212 245 259 273 287 320 334 348
460 464 466 472 457 459 463 469 471 456 2 35 49 63 77 110 124 138 152 185 199 213 246 260 274 288 321 335 349
461 465 467 473 458 460 464 470 472 457 3 36 50 64 78 111 125 139 153 186 200 214 228 261 275 289 322 336 350
462 466 468 474 459 461 465 471 473 458 4 37 51 65 79 112 126 140 154 187 201 215 229 262 276 290 304 337 351
463 467 469 456 460 462 466 472 474 459 5 19 52 66 80 113 127 141 155 188 202 216 230 263 277 291 305 338 352
464 468 470 457 461 463 467 473 456 460 6 20 53 67 81 95 128 142 156 189 203 217 231 264 278 292 306 339 353
465 469 471 458 462 464 468 474 457 461 7 21 54 68 82 96 129 143 157 171 204 218 232 265 279 293 307 340 354
466 470 472 459 463 465 469 456 458 462 8 22 55 69 83 97 130 144 158 172 205 219 233 247 280 294 308 341 355
467 471 473 460 464 466 470 457 459 463 9 23 56 70 84 98 131 145 159 173 206 220 234 248 281 295 309 323 356
468 472 474 461 465 467 471 458 460 464 10 24 38 71 85 99 132 146 160 174 207 221 235 249 282 296 310 324 357
469 473 456 462 466 468 472 459 461 465 11 25 39 72 86 100 114 147 161 175 208 222 236 250 283 297 311 325 358
470 474 457 463 467 469 473 460 462 466 12 26 40 73 87 101 115 148 162 176 190 223 237 251 284 298 312 326 359
471 456 458 464 468 470 474 461 463 467 13 27 41 74 88 102 116 149 163 177 191 224 238 252 266 299 313 327 360
472 457 459 465 469 471 456 462 464 468 14 28 42 75 89 103 117 150 164 178 192 225 239 253 267 300 314 328 342
473 458 460 466 470 472 457 463 465 469 15 29 43 57 90 104 118 151 165 179 193 226 240 254 268 301 315 329 343
474 459 461 467 471 473 458 464 466 470 16 30 44 58 91 105 119 133 166 180 194 227 241 255 269 302 316 330 344
456 460 462 468 472 474 459 465 467 471 17 31 45 59 92 106 120 134 167 181 195 209 242 256 270 303 317 331 345
457 461 463 469 473 456 460 466 468 472 18 32 46 60 93 107 121 135 168 182 196 210 243 257 271 285 318 332 346
477 481 483 489 493 476 480 486 488 492 0 32 45 58 90 103 116 148 161 174 206 219 232 264 277 290 322 335 348
478 482 484 490 475 477 481 487 489 493 1 33 46 59 91 104 117 149 162 175 207 220 233 265 278 291 304 336 349
479 483 485 491 476 478 482 488 490 475 2 34 47 60 92 105 118 150 163 176 208 221 234 247 279 292 305 337 350
480 484 486 492 477 479 483 489 491 476 3 35 48 61 93 106 119 151 164 177 190 222 235 248 280 293 306 338 351
481 485 487 493 478 480 484 490 492 477 4 36 49 62 94 107 120 133 165 178 191 223 236 249 281 294 307 339 352
482 486 488 475 479 481 485 491 493 478 5 37 50 63 76 108 121 134 166 179 192 224 237 250 282 295 308 340 353
483 487 489 476 480 482 486 492 475 479 6 19 51 64 77 109 122 135 167 180 193 225 238 251 283 296 309 341 354
484 488 490 477 481 483 487 493 476 480 7 20 52 65 78 110 123 136 168 181 194 226 239 252 284 297 310 323 355
485 489 491 478 482 484 488 475 477 481 8 21 53 66 79 111 124 137 169 182 195 227 240 253 266 298 311 324 356
486 490 492 479 483 485 489 476 478 482 9 22 54 67 80 112 125 138 170 183 196 209 241 254 267 299 312 325 357
487 491 493 480 484 486 490 477 479 483 10 23 55 68 81 113 126 139 152 184 197 210 242 255 268 300 313 326 358
488 492 475 481 485 487 491 478 480 484 11 24 56 69 82 95 127 140 153 185 198 211 243 256 269 301 314 327 359
489 493 476 482 486 488 492 479 481 485 12 25 38 70 83 96 128 141 154 186 199 212 244 257 270 302 315 328 360
490 475 477 483 487 489 493 480 482 486 13 26 39 71 84 97 129 142 155 187 200 213 245 258 271 303 316 329 342
491 476 478 484 488 490 475 481 483 487 14 27 40 72 85 98 130 143 156 188 201 214 246 259 272 285 317 330 343
492 477 479 485 489 491 476 482 484 488 15 28 41 73 86 99 131 144 157 189 202 215 228 260 273 286 318 331 344
493 478 480 486 490 492 477 483 485 489 16 29 42 74 87 100 132 145 158 171 203 216 229 261 274 287 319 332 345
475 479 481 487 491 493 478 484 486 490 17 30 43 75 88 101 114 146 159 172 204 217 230 262 275 288 320 333 346
476 480 482 488 492 475 479 485 487 491 18 31 44 57 89 102 115 147 160 173 205 218 231 263 276 289 321 334 347
496 500 502 508 512 495 499 505 507 511 0 31 43 74 86 98 129 141 153 184 196 227 239 251 282 294 306 337 349
497 501 503 509 494 496 500 506 508 512 1 32 44 75 87 99 130 142 154 185 197 209 240 252 283 295 307 338 350
498 502 504 510 495 497 501 507 509 494 2 33 45 57 88 100 131 143 155 186 198 210 241 253 284 296 308 339 351
499 503 505 511 496 498 502 508 510 495 3 34 46 58 89 101 132 144 156 187 199 211 242 254 266 297 309 340 352
500 504 506 512 497 499 503 509 511 496 4 35 47 59 90 102 114 145 157 188 200 212 243 255 267 298 310 341 353
501 505 507 494 498 500 504 510 512 497 5 36 48 60 91 103 115 146 158 189 201 213 244 256 268 299 311 323 354
502 506 508 495 499 501 505 511 494 498 6 37 49 61 92 104 116 147 159 171 202 214 245 257 269 300 312 324 355
503 507 509 496 500 502 506 512 495 499 7 19 50 62 93 105 117 148 160 172 203 215 246 258 270 301 313 325 356
504 508 510 497 501 503 507 494 496 500 8 20 51 63 94 106 118 149 161 173 204 216 228 259 271 302 314 326 357
505 509 511 498 502 504 508 495 497 501 9 21 52 64 76 107 119 150 162 174 205 217 229 260 272 303 315 327 358
506 510 512 499 503 505 509 496 498 502 10 22 53 65 77 108 120 151 163 175 206 218 230 261 273 285 316 328 359
507 511 494 500 504 506 510 497 499 503 11 23 54 66 78 109 121 133 164 176 207 219 231 262 274 286 317 329 360
508 512 495 501 505 507 511 498 500 504 12 24 55 67 79 110 122 134 165 177 208 220 232 263 275 287 318 330 342
509 494 496 502 506 508 512 499 501 505 13 25 56 68 80 111 123 135 166 178 190 221 233 264 276 288 319 331 343
510 495 497 503 507 509 494 500 502 506 14 26 38 69 81 112 124 136 167 179 191 222 234 265 277 289 320 332 344
511 496 498 504 508 510 495 501 503 507 15 27 39 70 82 113 125 137 168 180 192 223 235 247 278 290 321 333 345
512 497 499 505 509 511 496 502 504 508 16 28 40 71 83 95 126 138 169 181 193 224 236 248 279 291 322 334 346
494 498 500 506 510 512 497 503 505 509 17 29 41 72 84 96 127 139 170 182 194 225 237 249 280 292 304 335 347
495 499 501 507 511 494 498 504 506 510 18 30 42 73 85 97 128 140 152 183 195 226 238 250 281 293 305 336 348
515 519 521 527 531 514 518 524 526 530 0 30 41 71 82 112 123 134 164 175 205 216 246 257 268 298 309 339 350
516 520 522 528 513 515 519 525 527 531 1 31 42 72 83 113 124 135 165 176 206 217 228 258 269 299 310 340 351
517 521 523 529 514 516 520 526 528 513 2 32 43 73 84 95 125 136 166 177 207 218 229 259 270 300 311 341 352
518 522 524 530 515 517 521 527 529 514 3 33 44 74 85 96 126 137 167 178 208 219 230 260 271 301 312 323 353
519 523 525 531 516 518 522 528 530 515 4 34 45 75 86 97 127 138 168 179 190 220 231 261 272 302 313 324 354
520 524 526 513 517 519 523 529 531 516 5 35 46 57 87 98 128 139 169 180 191 221 232 262 273 303 314 325 355
521 525 527 514 518 520 524 530 513 517 6 36 47 58 88 99 129 140 170 181 192 222 233 263 274 285 315 326 356
522 526 528 515 519 521 525 531 514 518 7 37 48 59 89 100 130 141 152 182 193 223 234 264 275 286 316 327 357
523 527 529 516 520 522 526 513 515 519 8 19 49 60 90 101 131 142 153 183 194 224 235 265 276 287 317 328 358
524 528 530 517 521 523 527 514 516 520 9 20 50 61 91 102 132 143 154 184 195 225 236 247 277 288 318 329 359
525 529 531 518 522 524 528 515 517 521 10 21 51 62 92 103 114 144 155 185 196 226 237 248 278 289 319 330 360
526 530 513 519 523 525 529 516 518 522 11 22 52 63 93 104 115 145 156 186 197 227 238 249 279 290 320 331 342
527 531 514 520 524 526 530 517 519 523 12 23 53 64 94 105 116 146 157 187 198 209 239 250 280 291 321 332 343
528 513 515 521 525 527 531 518 520 524 13 24 54 65 76 106 117 147 158 188 199 210 240 251 281 292 322 333 344
529 514 516 522 526 528 513 519 521 525 14 25 55 66 77 107 118 148 159 189 200 211 241 252 282 293 304 334 345
530 515 517 523 527 529 514 520 522 526 15 26 56 67 78 108 119 149 160 171 201 212 242 253 283 294 305 335 346
531 516 518 524 528 530 515 521 523 527 16 27 38 68 79 109 120 150 161 172 202 213 243 254 284 295 306 336 347
513 517 519 525 529 531 516 522 524 528 17 28 39 69 80 110 121 151 162 173 203 214 244 255 266 296 307 337 348
514 518 520 526 530 513 517 523 525 529 18 29 40 70 81 111 122 133 163 174 204 215 245 256 267 297 308 338 349
534 538 540 546 550 533 537 543 545 549 0 29 39 68 78 107 117 146 156 185 195 224 234 263 273 302 312 341 351
535 539 541 547 532 534 538 544 546 550 1 30 40 69 79 108 118 147 157 186 196 225 235 264 274 303 313 323 352
536 540 542 548 533 535 539 545 547 532 2 31 41 70 80 109 119 148 158 187 197 226 236 265 275 285 314 324 353
537 541 543 549 534 536 540 546 548 533 3 32 42 71 81 110 120 149 159 188 198 227 237 247 276 286 315 325 354
538 542 544 550 535 537 541 547 549 534 4 33 43 72 82 111 121 150 160 189 199 209 238 248 277 287 316 326 355
539 543 545 532 536 538 542 548 550 535 5 34 44 73 83 112 122 151 161 171 200 210 239 249 278 288 317 327 356
540 544 546 533 537 539 543 549 532 536 6 35 45 74 84 113 123 133 162 172 201 211 240 250 279 289 318 328 357
541 545 547 534 538 540 544 550 533 537 7 36 46 75 85 95 124 134 163 173 202 212 241 251 280 290 319 329 358
542 546 548 535 539 541 545 532 534 538 8 37 47 57 86 96 125 135 164 174 203 213 242 252 281 291 320 330 359
543 547 549 536 540 542 546 533 535 539 9 19 48 58 87 97 126 136 165 175 204 214 243 253 282 292 321 331 360
544 548 550 537 541 543 547 534 536 540 10 20 49 59 88 98 127 137 166 176 205 215 244 254 283 293 322 332 342
545 549 532 538 542 544 548 535 537 541 11 21 50 60 89 99 128 138 167 177 206 216 245 255 284 294 304 333 343
546 550 533 539 543 545 549 536 538 542 12 22 51 61 90 100 129 139 168 178 207 217 246 256 266 295 305 334 344
547 532 534 540 544 546 550 537 539 543 13 23 52 62 91 101 130 140 169 179 208 218 228 257 267 296 306 335 345
548 533 535 541 545 547 532 538 540 544 14 24 53 63 92 102 131 141 170 180 190 219 229 258 268 297 307 336 346
549 534 536 542 546 548 533 539 541 545 15 25 54 64 93 103 132 142 152 181 191 220 230 259 269 298 308 337 347
550 535 537 543 547 549 534 540 542 546 16 26 55 65 94 104 114 143 153 182 192 221 231 260 270 299 309 338 348
532 536 538 544 548 550 535 541 543 547 17 27 56 66 76 105 115 144 154 183 193 222 232 261 271 300 310 339 349
533 537 539 545 549 532 536 542 544 548 18 28 38 67 77 106 116 145 155 184 194 223 233 262 272 301 311 340 350
553 557 559 565 569 552 556 562 564 568 0 28 56 65 93 102 130 139 167 176 204 213 241 250 278 287 315 324 352
554 558 560 566 551 553 557 563 565 569 1 29 38 66 94 103 131 140 168 177 205 214 242 251 279 288 316 325 353
555 559 561 567 552 554 558 564 566 551 2 30 39 67 76 104 132 141 169 178 206 215 243 252 280 289 317 326 354
556 560 562 568 553 555 559 565 567 552 3 31 40 68 77 105 114 142 170 179 207 216 244 253 281 290 318 327 355
557 561 563 569 554 556 560 566 568 553 4 32 41 69 78 106 115 143 152 180 208 217 245 254 282 291 319 328 356
558 562 564 551 555 557 561 567 569 554 5 33 42 70 79 107 116 144 153 181 190 218 246 255 283 292 320 329 357
559 563 565 552 556 558 562 568 551 555 6 34 43 71 80 108 117 145 154 182 191 219 228 256 284 293 321 330 358
560 564 566 553 557 559 563 569 552 556 7 35 44 72 81 109 118 146 155 183 192 220 229 257 266 294 322 331 359
561 565 567 554 558 560 564 551 553 557 8 36 45 73 82 110 119 147 156 184 193 221 230 258 267 295 304 332 360
562 566 568 555 559 561 565 552 554 558 9 37 46 74 83 111 120 148 157 185 194 222 231 259 268 296 305 333 342
563 567 569 556 560 562 566 553 555 559 10 19 47 75 84 112 121 149 158 186 195 223 232 260 269 297 306 334 343
564 568 551 557 561 563 567 554 556 560 11 20 48 57 85 113 122 150 159 187 196 224 233 261 270 298 307 335 344
565 569 552 558 562 564 568 555 557 561 12 21 49 58 86 95 123 151 160 188 197 225 234 262 271 299 308 336 345
566 551 553 559 563 565 569 556 558 562 13 22 50 59 87 96 124 133 161 189 198 226 235 263 272 300 309 337 346
567 552 554 560 564 566 551 557 559 563 14 23 51 60 88 97 125 134 162 171 199 227 236 264 273 301 310 338 347
568 553 555 561 565 567 552 558 560 564 15 24 52 61 89 98 126 135 163 172 200 209 237 265 274 302 311 339 348
569 554 556 562 566 568 553 559 561 565 16 25 53 62 90 99 127 136 164 173 201 210 238 247 275 303 312 340 349
551 555 557 563 567 569 554 560 562 566 17 26 54 63 91 100 128 137 165 174 202 211 239 248 276 285 313 341 350
552 556 558 564 568 551 555 561 563 567 18 27 55 64 92 101 129 138 166 175 203 212 240 249 277 286 314 323 351
572 576 578 584 588 571 575 581 583 587 0 27 54 62 89 97 124 151 159 186 194 221 229 256 283 291 318 326 353
573 577 579 585 570 572 576 582 584 588 1 28 55 63 90 98 125 133 160 187 195 222 230 257 284 292 319 327 354
574 578 580 586 571 573 577 583 585 570 2 29 56 64 91 99 126 134 161 188 196 223 231 258 266 293 320 328 355
575 579 581 587 572 574 578 584 586 571 3 30 38 65 92 100 127 135 162 189 197 224 232 259 267 294 321 329 356
576 580 582 588 573 575 579 585 587 572 4 31 39 66 93 101 128 136 163 171 198 225 233 260 268 295 322 330 357
577 581 583 570 574 576 580 586 588 573 5 32 40 67 94 102 129 137 164 172 199 226 234 261 269 296 304 331 358
578 582 584 571 575 577 581 587 570 574 6 33 41 68 76 103 130 138 165 173 200 227 235 262 270 297 305 332 359
579 583 585 572 576 578 582 588 571 575 7 34 42 69 77 104 131 139 166 174 201 209 236 263 271 298 306 333 360
580 584 586 573 577 579 583 570 572 576 8 35 43 70 78 105 132 140 167 175 202 210 237 264 272 299 307 334 342
581 585 587 574 578 580 584 571 573 577 9 36 44 71 79 106 114 141 168 176 203 211 238 265 273 300 308 335 343
582 586 588 575 579 581 585 572 574 578 10 37 45 72 80 107 115 142 169 177 204 212 239 247 274 301 309 336 344
583 587 570 576 580 582 586 573 575 579 11 19 46 73 81 108 116 143 170 178 205 213 240 248 275 302 310 337 345
584 588 571 577 581 583 587 574 576 580 12 20 47 74 82 109 117 144 152 179 206 214 241 249 276 303 311 338 346
585 570 572 578 582 584 588 575 577 581 13 21 48 75 83 110 118 145 153 180 207 215 242 250 277 285 312 339 347
586 571 573 579 583 585 570 576 578 582 14 22 49 57 84 111 119 146 154 181 208 216 243 251 278 286 313 340 348
587 572 574 580 584 586 571 577 579 583 15 23 50 58 85 112 120 147 155 182 190 217 244 252 279 287 314 341 349
588 573 575 581 585 587 572 578 580 584 16 24 51 59 86 113 121 148 156 183 191 218 245 253 280 288 315 323 350
570 574 576 582 586 588 573 579 581 585 17 25 52 60 87 95 122 149 157 184 192 219 246 254 281 289 316 324 351
571 575 577 583 587 570 574 580 582 586 18 26 53 61 88 96 123 150 158 185 193 220 228 255 282 290 317 325 352
591 595 597 603 607 590 594 600 602 606 0 26 52 59 85 111 118 144 170 177 203 210 236 262 269 295 321 328 354
592 596 598 604 589 591 595 601 603 607 1 27 53 60 86 112 119 145 152 178 204 211 237 263 270 296 322 329 355
593 597 599 605 590 592 596 602 604 589 2 28 54 61 87 113 120 146 153 179 205 212 238 264 271 297 304 330 356
594 598 600 606 591 593 597 603 605 590 3 29 55 62 88 95 121 147 154 180 206 213 239 265 272 298 305 331 357
595 599 601 607 592 594 598 604 606 591 4 30 56 63 89 96 122 148 155 181 207 214 240 247 273 299 306 332 358
596 600 602 589 593 595 599 605 607 592 5 31 38 64 90 97 123 149 156 182 208 215 241 248 274 300 307 333 359
597 601 603 590 594 596 600 606 589 593 6 32 39 65 91 98 124 150 157 183 190 216 242 249 275 301 308 334 360
598 602 604 591 595 597 601 607 590 594 7 33 40 66 92 99 125 151 158 184 191 217 243 250 276 302 309 335 342
599 603 605 592 596 598 602 589 591 595 8 34 41 67 93 100 126 133 159 185 192 218 244 251 277 303 310 336 343
600 604 606 593 597 599 603 590 592 596 9 35 42 68 94 101 127 134 160 186 193 219 245 252 278 285 311 337 344
601 605 607 594 598 600 604 591 593 597 10 36 43 69 76 102 128 135 161 187 194 220 246 253 279 286 312 338 345
602 606 589 595 599 601 605 592 594 598 11 37 44 70 77 103 129 136 162 188 195 221 228 254 280 287 313 339 346
603 607 590 596 600 602 606 593 595 599 12 19 45 71 78 104 130 137 163 189 196 222 229 255 281 288 314 340 347
604 589 591 597 601 603 607 594 596 600 13 20 46 72 79 105 131 138 164 171 197 223 230 256 282 289 315 341 348
605 590 592 598 602 604 589 595 597 601 14 21 47 73 80 106 132 139 165 172 198 224 231 257 283 290 316 323 349
606 591 593 599 603 605 590 596 598 602 15 22 48 74 81 107 114 140 166 173 199 225 232 258 284 291 317 324 350
607 592 594 600 604 606 591 597 599 603 16 23 49 75 82 108 115 141 167 174 200 226 233 259 266 292 318 325 351
589 593 595 601 605 607 592 598 600 604 17 24 50 57 83 109 116 142 168 175 201 227 234 260 267 293 319 326 352
590 594 596 602 606 589 593 599 601 605 18 25 51 58 84 110 117 143 169 176 202 209 235 261 268 294 320 327 353
610 614 616 622 626 609 613 619 621 625 0 25 50 75 81 106 131 137 162 187 193 218 243 249 274 299 305 330 355
611 615 617 623 608 610 614 620 622 626 1 26 51 57 82 107 132 138 163 188 194 219 244 250 275 300 306 331 356
612 616 618 624 609 611 615 621 623 608 2 27 52 58 83 108 114 139 164 189 195 220 245 251 276 301 307 332 357
613 617 619 625 610 612 616 622 624 609 3 28 53 59 84 109 115 140 165 171 196 221 246 252 277 302 308 333 358
614 618 620 626 611 613 617 623 625 610 4 29 54 60 85 110 116 141 166 172 197 222 228 253 278 303 309 334 359
615 619 621 608 612 614 618 624 626 611 5 30 55 61 86 111 117 142 167 173 198 223 229 254 279 285 310 335 360
616 620 622 609 613 615 619 625 608 612 6 31 56 62 87 112 118 143 168 174 199 224 230 255 280 286 311 336 342
617 621 623 610 614 616 620 626 609 613 7 32 38 63 88 113 119 144 169 175 200 225 231 256 281 287 312 337 343
618 622 624 611 615 617 621 608 610 614 8 33 39 64 89 95 120 145 170 176 201 226 232 257 282 288 313 338 344
619 623 625 612 616 618 622 609 611 615 9 34 40 65 90 96 121 146 152 177 202 227 233 258 283 289 314 339 345
620 624 626 613 617 619 623 610 612 616 10 35 41 66 91 97 122 147 153 178 203 209 234 259 284 290 315 340 346
621 625 608 614 618 620 624 611 613 617 11 36 42 67 92 98 123 148 154 179 204 210 235 260 266 291 316 341 347
622 626 609 615 619 621 625 612 614 618 12 37 43 68 93 99 124 149 155 180 205 211 236 261 267 292 317 323 348
623 608 610 616 620 622 626 613 615 619 13 19 44 69 94 100 125 150 156 181 206 212 237 262 268 293 318 324 349
624 609 611 617 621 623 608 614 616 620 14 20 45 70 76 101 126 151 157 182 207 213 238 263 269 294 319 325 350
625 610 612 618 622 624 609 615 617 621 15 21 46 71 77 102 127 133 158 183 208 214 239 264 270 295 320 326 351
626 611 613 619 623 625 610 616 618 622 16 22 47 72 78 103 128 134 159 184 190 215 240 265 271 296 321 327 352
608 612 614 620 624 626 611 617 619 623 17 23 48 73 79 104 129 135 160 185 191 216 241 247 272 297 322 328 353
609 613 615 621 625 608 612 618 620 624 18 24 49 74 80 105 130 136 161 186 192 217 242 248 273 298 304 329 354
629 633 635 641 645 628 632 638 640 644 0 24 48 72 77 101 125 149 154 178 202 226 231 255 279 303 308 332 356
630 634 636 642 627 629 633 639 641 645 1 25 49 73 78 102 126 150 155 179 203 227 232 256 280 285 309 333 357
631 635 637 643 628 630 634 640 642 627 2 26 50 74 79 103 127 151 156 180 204 209 233 257 281 286 310 334 358
632 636 638 644 629 631 635 641 643 628 3 27 51 75 80 104 128 133 157 181 205 210 234 258 282 287 311 335 359
633 637 639 645 630 632 636 642 644 629 4 28 52 57 81 105 129 134 158 182 206 211 235 259 283 288 312 336 360
634 638 640 627 631 633 637 643 645 630 5 29 53 58 82 106 130 135 159 183 207 212 236 260 284 289 313 337 342
635 639 641 628 632 634 638 644 627 631 6 30 54 59 83 107 131 136 160 184 208 213 237 261 266 290 314 338 343
636 640 642 629 633 635 639 645 628 632 7 31 55 60 84 108 132 137 161 185 190 214 238 262 267 291 315 339 344
637 641 643 630 634 636 640 627 629 633 8 32 56 61 85 109 114 138 162 186 191 215 239 263 268 292 316 340 345
638 642 644 631 635 637 641 628 630 634 9 33 38 62 86 110 115 139 163 187 192 216 240 264 269 293 317 341 346
639 643 645 632 636 638 642 629 631 635 10 34 39 63 87 111 116 140 164 188 193 217 241 265 270 294 318 323 347
640 644 627 633 637 639 643 630 632 636 11 35 40 64 88 112 117 141 165 189 194 218 242 247 271 295 319 324 348
641 645 628 634 638 640 644 631 633 637 12 36 41 65 89 113 118 142 166 171 195 219 243 248 272 296 320 325 349
642 627 629 635 639 641 645 632 634 638 13 37 42 66 90 95 119 143 167 172 196 220 244 249 273 297 321 326 350
643 628 630 636 640 642 627 633 635 639 14 19 43 67 91 96 120 144 168 173 197 221 245 250 274 298 322 327 351
644 629 631 637 641 643 628 634 636 640 15 20 44 68 92 97 121 145 169 174 198 222 246 251 275 299 304 328 352
645 630 632 638 642 644 629 635 637 641 16 21 45 69 93 98 122 146 170 175 199 223 228 252 276 300 305 329 353
627 631 633 639 643 645 630 636 638 642 17 22 46 70 94 99 123 147 152 176 200 224 229 253 277 301 306 330 354
628 632 634 640 644 627 631 637 639 643 18 23 47 71 76 100 124 148 153 177 201 225 230 254 278 302 307 331 355
648 652 654 660 664 647 651 657 659 663 0 23 46 69 92 96 119 142 165 188 192 215 238 261 284 288 311 334 357
649 653 655 661 646 648 652 658 660 664 1 24 47 70 93 97 120 143 166 189 193 216 239 262 266 289 312 335 358
650 654 656 662 647 649 653 659 661 646 2 25 48 71 94 98 121 144 167 171 194 217 240 263 267 290 313 336 359
651 655 657 663 648 650 654 660 662 647 3 26 49 72 76 99 122 145 168 172 195 218 241 264 268 291 314 337 360
652 656 658 664 649 651 655 661 663 648 4 27 50 73 77 100 123 146 169 173 196 219 242 265 269 292 315 338 342
653 657 659 646 650 652 656 662 664 649 5 28 51 74 78 101 124 147 170 174 197 220 243 247 270 293 316 339 343
654 658 660 647 651 653 657 663 646 650 6 29 52 75 79 102 125 148 152 175 198 221 244 248 271 294 317 340 344
655 659 661 648 652 654 658 664 647 651 7 30 53 57 80 103 126 149 153 176 199 222 245 249 272 295 318 341 345
656 660 662 649 653 655 659 646 648 652 8 31 54 58 81 104 127 150 154 177 200 223 246 250 273 296 319 323 346
657 661 663 650 654 656 660 647 649 653 9 32 55 59 82 105 128 151 155 178 201 224 228 251 274 297 320 324 347
658 662 664 651 655 657 661 648 650 654 10 33 56 60 83 106 129 133 156 179 202 225 229 252 275 298 321 325 348
659 663 646 652 656 658 662 649 651 655 11 34 38 61 84 107 130 134 157 180 203 226 230 253 276 299 322 326 349
660 664 647 653 657 659 663 650 652 656 12 35 39 62 85 108 131 135 158 181 204 227 231 254 277 300 304 327 350
661 646 648 654 658 660 664 651 653 657 13 36 40 63 86 109 132 136 159 182 205 209 232 255 278 301 305 328 351
662 647 649 655 659 661 646 652 654 658 14 37 41 64 87 110 114 137 160 183 206 210 233 256 279 302 306 329 352
663 648 650 656 660 662 647 653 655 659 15 19 42 65 88 111 115 138 161 184 207 211 234 257 280 303 307 330 353
664 649 651 657 661 663 648 654 656 660 16 20 43 66 89 112 116 139 162 185 208 212 235 258 281 285 308 331 354
646 650 652 658 662 664 649 655 657 661 17 21 44 67 90 113 117 140 163 186 190 213 236 259 282 286 309 332 355
647 651 653 659 663 646 650 656 658 662 18 22 45 68 91 95 118 141 164 187 191 214 237 260 283 287 310 333 356
667 671 673 679 683 666 670 676 678 682 0 22 44 66 88 110 132 135 157 179 201 223 245 248 270 292 314 336 358
668 672 674 680 665 667 671 677 679 683 1 23 45 67 89 111 114 136 158 180 202 224 246 249 271 293 315 337 359
669 673 675 681 666 668 672 678 680 665 2 24 46 68 90 112 115 137 159 181 203 225 228 250 272 294 316 338 360
670 674 676 682 667 669 673 679 681 666 3 25 47 69 91 113 116 138 160 182 204 226 229 251 273 295 317 339 342
671 675 677 683 668 670 674 680 682 667 4 26 48 70 92 95 117 139 161 183 205 227 230 252 274 296 318 340 343
672 676 678 665 669 671 675 681 683 668 5 27 49 71 93 96 118 140 162 184 206 209 231 253 275 297 319 341 344
673 677 679 666 670 672 676 682 665 669 6 28 50 72 94 97 119 141 163 185 207 210 232 254 276 298 320 323 345
674 678 680 667 671 673 677 683 666 670 7 29 51 73 76 98 120 142 164 186 208 211 233 255 277 299 321 324 346
675 679 681 668 672 674 678 665 667 671 8 30 52 74 77 99 121 143 165 187 190 212 234 256 278 300 322 325 347
676 680 682 669 673 675 679 666 668 672 9 31 53 75 78 100 122 144 166 188 191 213 235 257 279 301 304 326 348
677 681 683 670 674 676 680 667 669 673 10 32 54 57 79 101 123 145 167 189 192 214 236 258 280 302 305 327 349
678 682 665 671 675 677 681 668 670 674 11 33 55 58 80 102 124 146 168 171 193 215 237 259 281 303 306 328 350
679 683 666 672 676 678 682 669 671 675 12 34 56 59 81 103 125 147 169 172 194 216 238 260 282 285 307 329 351
680 665 667 673 677 679 683 670 672 676 13 35 38 60 82 104 126 148 170 173 195 217 239 261 283 286 308 330 352
681 666 668 674 678 680 665 671 673 677 14 36 39 61 83 105 127 149 152 174 196 218 240 262 284 287 309 331 353
682 667 669 675 679 681 666 672 674 678 15 37 40 62 84 106 128 150 153 175 197 219 241 263 266 288 310 332 354
683 668 670 676 680 682 667 673 675 679 16 19 41 63 85 107 129 151 154 176 198 220 242 264 267 289 311 333 355
665 669 671 677 681 683 668 674 676 680 17 20 42 64 86 108 130 133 155 177 199 221 243 265 268 290 312 334 356
666 670 672 678 682 665 669 675 677 681 18 21 43 65 87 109 131 134 156 178 200 222 244 247 269 291 313 335 357
686 690 692 698 702 685 689 695 697 701 0 21 42 63 84 105 126 147 168 189 191 212 233 254 275 296 317 338 359
687 691 693 699 684 686 690 696 698 702 1 22 43 64 85 106 127 148 169 171 192 213 234 255 276 297 318 339 360
688 692 694 700 685 687 691 697 699 684 2 23 44 65 86 107 128 149 170 172 193 214 235 256 277 298 319 340 342
689 693 695 701 686 688 692 698 700 685 3 24 45 66 87 108 129 150 152 173 194 215 236 257 278 299 320 341 343
690 694 696 702 687 689 693 699 701 686 4 25 46 67 88 109 130 151 153 174 195 216 237 258 279 300 321 323 344
691 695 697 684 688 690 694 700 702 687 5 26 47 68 89 110 131 133 154 175 196 217 238 259 280 301 322 324 345
692 696 698 685 689 691 695 701 684 688 6 27 48 69 90 111 132 134 155 176 197 218 239 260 281 302 304 325 346
693 697 699 686 690 692 696 702 685 689 7 28 49 70 91 112 114 135 156 177 198 219 240 261 282 303 305 326 347
694 698 700 687 691 693 697 684 686 690 8 29 50 71 92 113 115 136 157 178 199 220 241 262 283 285 306 327 348
695 699 701 688 692 694 698 685 687 691 9 30 51 72 93 95 116 137 158 179 200 221 242 263 284 286 307 328 349
696 700 702 689 693 695 699 686 688 692 10 31 52 73 94 96 117 138 159 180 201 222 243 264 266 287 308 329 350
697 701 684 690 694 696 700 687 689 693 11 32 53 74 76 97 118 139 160 181 202 223 244 265 267 288 309 330 351
698 702 685 691 695 697 701 688 690 694 12 33 54 75 77 98 119 140 161 182 203 224 245 247 268 289 310 331 352
699 684 686 692 696 698 702 689 691 695 13 34 55 57 78 99 120 141 162 183 204 225 246 248 269 290 311 332 353
700 685 687 693 697 699 684 690 692 696 14 35 56 58 79 100 121 142 163 184 205 226 228 249 270 291 312 333 354
701 686 688 694 698 700 685 691 693 697 15 36 38 59 80 101 122 143 164 185 206 227 229 250 271 292 313 334 355
702 687 689 695 699 701 686 692 694 698 16 37 39 60 81 102 123 144 165 186 207 209 230 251 272 293 314 335 356
684 688 690 696 700 702 687 693 695 699 17 19 40 61 82 103 124 145 166 187 208 210 231 252 273 294 315 336 357
685 689 691 697 701 684 688 694 696 700 18 20 41 62 83 104 125 146 167 188 190 211 232 253 274 295 316 337 358
705 709 711 717 721 704 708 714 716 720 0 20 40 60 80 100 120 140 160 180 200 220 240 260 280 300 320 340 360
706 710 712 718 703 705 709 715 717 721 1 21 41 61 81 101 121 141 161 181 201 221 241 261 281 301 321 341 342
707 711 713 719 704 706 710 716 718 703 2 22 42 62 82 102 122 142 162 182 202 222 242 262 282 302 322 323 343
708 712 714 720 705 707 711 717 719 704 3 23 43 63 83 103 123 143 163 183 203 223 243 263 283 303 304 324 344
709 713 715 721 706 708 712 718 720 705 4 24 44 64 84 104 124 144 164 184 204 224 244 264 284 285 305 325 345
710 714 716 703 707 709 713 719 721 706 5 25 45 65 85 105 125 145 165 185 205 225 245 265 266 286 306 326 346
711 715 717 704 708 710 714 720 703 707 6 26 46 66 86 106 126 146 166 186 206 226 246 247 267 287 307 327 347
712 716 718 705 709 711 715 721 704 708 7 27 47 67 87 107 127 147 167 187 207 227 228 248 268 288 308 328 348
713 717 719 706 710 712 716 703 705 709 8 28 48 68 88 108 128 148 168 188 208 209 229 249 269 289 309 329 349
714 718 720 707 711 713 717 704 706 710 9 29 49 69 89 109 129 149 169 189 190 210 230 250 270 290 310 330 350
715 719 721 708 712 714 718 705 707 711 10 30 50 70 90 110 130 150 170 171 191 211 231 251 271 291 311 331 351
716 720 703 709 713 715 719 706 708 712 11 31 51 71 91 111 131 151 152 172 192 212 232 252 272 292 312 332 352
717 721 704 710 714 716 720 707 709 713 12 32 52 72 92 112 132 133 153 173 193 213 233 253 273 293 313 333 353
718 703 705 711 715 717 721 708 710 714 13 33 53 73 93 113 114 134 154 174 194 214 234 254 274 294 314 334 354
719 704 706 712 716 718 703 709 711 715 14 34 54 74 94 95 115 135 155 175 195 215 235 255 275 295 315 335 355
720 705 707 713 717 719 704 710 712 716 15 35 55 75 76 96 116 136 156 176 196 216 236 256 276 296 316 336 356
721 706 708 714 718 720 705 711 713 717 16 36 56 57 77 97 117 137 157 177 197 217 237 257 277 297 317 337 357
703 707 709 715 719 721 706 712 714 718 17 37 38 58 78 98 118 138 158 178 198 218 238 258 278 298 318 338 358
704 708 710 716 720 703 707 713 715 719 18 19 39 59 79 99 119 139 159 179 199 219 239 259 279 299 319 339 359
