338 3211
1 3 4 9 10 12 169 182 195 208 221 234 247 260 273 286 299 312 325
2 4 5 10 11 0 170 183 196 209 222 235 248 261 274 287 300 313 326
3 5 6 11 12 1 171 184 197 210 223 236 249 262 275 288 301 314 327
4 6 7 12 0 2 172 185 198 211 224 237 250 263 276 289 302 315 328
5 7 8 0 1 3 173 186 199 212 225 238 251 264 277 290 303 316 329
6 8 9 1 2 4 174 187 200 213 226 239 252 265 278 291 304 317 330
7 9 10 2 3 5 175 188 201 214 227 240 253 266 279 292 305 318 331
8 10 11 3 4 6 176 189 202 215 228 241 254 267 280 293 306 319 332
9 11 12 4 5 7 177 190 203 216 229 242 255 268 281 294 307 320 333
10 12 0 5 6 8 178 191 204 217 230 243 256 269 282 295 308 321 334
11 0 1 6 7 9 179 192 205 218 231 244 257 270 283 296 309 322 335
12 1 2 7 8 10 180 193 206 219 232 245 258 271 284 297 310 323 336
0 2 3 8 9 11 181 194 207 220 233 246 259 272 285 298 311 324 337
14 16 17 22 23 25 169 183 197 211 225 239 253 267 281 295 309 323 337
15 17 18 23 24 13 170 184 198 212 226 240 254 268 282 296 310 324 325
16 18 19 24 25 14 171 185 199 213 227 241 255 269 283 297 311 312 326
17 19 20 25 13 15 172 186 200 214 228 242 256 270 284 298 299 313 327
18 20 21 13 14 16 173 187 201 215 229 243 257 271 285 286 300 314 328
19 21 22 14 15 17 174 188 202 216 230 244 258 272 273 287 301 315 329
20 22 23 15 16 18 175 189 203 217 231 245 259 260 274 288 302 316 330
21 23 24 16 17 19 176 190 204 218 232 246 247 261 275 289 303 317 331
22 24 25 17 18 20 177 191 205 219 233 234 248 262 276 290 304 318 332
23 25 13 18 19 21 178 192 206 220 221 235 249 263 277 291 305 319 333
24 13 14 19 20 22 179 193 207 208 222 236 250 264 278 292 306 320 334
25 14 15 20 21 23 180 194 195 209 223 237 251 265 279 293 307 321 335
13 15 16 21 22 24 181 182 196 210 224 238 252 266 280 294 308 322 336
27 29 30 35 36 38 169 184 199 214 229 244 259 261 276 291 306 321 336
28 30 31 36 37 26 170 185 200 215 230 245 247 262 277 292 307 322 337
29 31 32 37 38 27 171 186 201 216 231 246 248 263 278 293 308 323 325
30 32 33 38 26 28 172 187 202 217 232 234 249 264 279 294 309 324 326
31 33 34 26 27 29 173 188 203 218 233 235 250 265 280 295 310 312 327
32 34 35 27 28 30 174 189 204 219 221 236 251 266 281 296 311 313 328
33 35 36 28 29 31 175 190 205 220 222 237 252 267 282 297 299 314 329
34 36 37 29 30 32 176 191 206 208 223 238 253 268 283 298 300 315 330
35 37 38 30 31 33 177 192 207 209 224 239 254 269 284 286 301 316 331
36 38 26 31 32 34 178 193 195 210 225 240 255 270 285 287 302 317 332
37 26 27 32 33 35 179 194 196 211 226 241 256 271 273 288 303 318 333
38 27 28 33 34 36 180 182 197 212 227 242 257 272 274 289 304 319 334
26 28 29 34 35 37 181 183 198 213 228 243 258 260 275 290 305 320 335
40 42 43 48 49 51 169 185 201 217 233 236 252 268 284 287 303 319 335
41 43 44 49 50 39 170 186 202 218 221 237 253 269 285 288 304 320 336
42 44 45 50 51 40 171 187 203 219 222 238 254 270 273 289 305 321 337
43 45 46 51 39 41 172 188 204 220 223 239 255 271 274 290 306 322 325
44 46 47 39 40 42 173 189 205 208 224 240 256 272 275 291 307 323 326
45 47 48 40 41 43 174 190 206 209 225 241 257 260 276 292 308 324 327
46 48 49 41 42 44 175 191 207 210 226 242 258 261 277 293 309 312 328
47 49 50 42 43 45 176 192 195 211 227 243 259 262 278 294 310 313 329
48 50 51 43 44 46 177 193 196 212 228 244 247 263 279 295 311 314 330
49 51 39 44 45 47 178 194 197 213 229 245 248 264 280 296 299 315 331
50 39 40 45 46 48 179 182 198 214 230 246 249 265 281 297 300 316 332
51 40 41 46 47 49 180 183 199 215 231 234 250 266 282 298 301 317 333
39 41 42 47 48 50 181 184 200 216 232 235 251 267 283 286 302 318 334
53 55 56 61 62 64 169 186 203 220 224 241 258 262 279 296 300 317 334
54 56 57 62 63 52 170 187 204 208 225 242 259 263 280 297 301 318 335
55 57 58 63 64 53 171 188 205 209 226 243 247 264 281 298 302 319 336
56 58 59 64 52 54 172 189 206 210 227 244 248 265 282 286 303 320 337
57 59 60 52 53 55 173 190 207 211 228 245 249 266 283 287 304 321 325
58 60 61 53 54 56 174 191 195 212 229 246 250 267 284 288 305 322 326
59 61 62 54 55 57 175 192 196 213 230 234 251 268 285 289 306 323 327
60 62 63 55 56 58 176 193 197 214 231 235 252 269 273 290 307 324 328
61 63 64 56 57 59 177 194 198 215 232 236 253 270 274 291 308 312 329
62 64 52 57 58 60 178 182 199 216 233 237 254 271 275 292 309 313 330
63 52 53 58 59 61 179 183 200 217 221 238 255 272 276 293 310 314 331
64 53 54 59 60 62 180 184 201 218 222 239 256 260 277 294 311 315 332
52 54 55 60 61 63 181 185 202 219 223 240 257 261 278 295 299 316 333
66 68 69 74 75 77 169 187 205 210 228 246 251 269 274 292 310 315 333
67 69 70 75 76 65 170 188 206 211 229 234 252 270 275 293 311 316 334
68 70 71 76 77 66 171 189 207 212 230 235 253 271 276 294 299 317 335
69 71 72 77 65 67 172 190 195 213 231 236 254 272 277 295 300 318 336
70 72 73 65 66 68 173 191 196 214 232 237 255 260 278 296 301 319 337
71 73 74 66 67 69 174 192 197 215 233 238 256 261 279 297 302 320 325
72 74 75 67 68 70 175 193 198 216 221 239 257 262 280 298 303 321 326
73 75 76 68 69 71 176 194 199 217 222 240 258 263 281 286 304 322 327
74 76 77 69 70 72 177 182 200 218 223 241 259 264 282 287 305 323 328
75 77 65 70 71 73 178 183 201 219 224 242 247 265 283 288 306 324 329
76 65 66 71 72 74 179 184 202 220 225 243 248 266 284 289 307 312 330
77 66 67 72 73 75 180 185 203 208 226 244 249 267 285 290 308 313 331
65 67 68 73 74 76 181 186 204 209 227 245 250 268 273 291 309 314 332
79 81 82 87 88 90 169 188 207 213 232 238 257 263 282 288 307 313 332
80 82 83 88 89 78 170 189 195 214 233 239 258 264 283 289 308 314 333
81 83 84 89 90 79 171 190 196 215 221 240 259 265 284 290 309 315 334
82 84 85 90 78 80 172 191 197 216 222 241 247 266 285 291 310 316 335
83 85 86 78 79 81 173 192 198 217 223 242 248 267 273 292 311 317 336
84 86 87 79 80 82 174 193 199 218 224 243 249 268 274 293 299 318 337
85 87 88 80 81 83 175 194 200 219 225 244 250 269 275 294 300 319 325
86 88 89 81 82 84 176 182 201 220 226 245 251 270 276 295 301 320 326
87 89 90 82 83 85 177 183 202 208 227 246 252 271 277 296 302 321 327
88 90 78 83 84 86 178 184 203 209 228 234 253 272 278 297 303 322 328
89 78 79 84 85 87 179 185 204 210 229 235 254 260 279 298 304 323 329
90 79 80 85 86 88 180 186 205 211 230 236 255 261 280 286 305 324 330
78 80 81 86 87 89 181 187 206 212 231 237 256 262 281 287 306 312 331
92 94 95 100 101 103 169 189 196 216 223 243 250 270 277 297 304 324 331
93 95 96 101 102 91 170 190 197 217 224 244 251 271 278 298 305 312 332
94 96 97 102 103 92 171 191 198 218 225 245 252 272 279 286 306 313 333
95 97 98 103 91 93 172 192 199 219 226 246 253 260 280 287 307 314 334
96 98 99 91 92 94 173 193 200 220 227 234 254 261 281 288 308 315 335
97 99 100 92 93 95 174 194 201 208 228 235 255 262 282 289 309 316 336
98 100 101 93 94 96 175 182 202 209 229 236 256 263 283 290 310 317 337
99 101 102 94 95 97 176 183 203 210 230 237 257 264 284 291 311 318 325
100 102 103 95 96 98 177 184 204 211 231 238 258 265 285 292 299 319 326
101 103 91 96 97 99 178 185 205 212 232 239 259 266 273 293 300 320 327
102 91 92 97 98 100 179 186 206 213 233 240 247 267 274 294 301 321 328
103 92 93 98 99 101 180 187 207 214 221 241 248 268 275 295 302 322 329
91 93 94 99 100 102 181 188 195 215 222 242 249 269 276 296 303 323 330
105 107 108 113 114 116 169 190 198 219 227 235 256 264 285 293 301 322 330
106 108 109 114 115 104 170 191 199 220 228 236 257 265 273 294 302 323 331
107 109 110 115 116 105 171 192 200 208 229 237 258 266 274 295 303 324 332
108 110 111 116 104 106 172 193 201 209 230 238 259 267 275 296 304 312 333
109 111 112 104 105 107 173 194 202 210 231 239 247 268 276 297 305 313 334
110 112 113 105 106 108 174 182 203 211 232 240 248 269 277 298 306 314 335
111 113 114 106 107 109 175 183 204 212 233 241 249 270 278 286 307 315 336
112 114 115 107 108 110 176 184 205 213 221 242 250 271 279 287 308 316 337
113 115 116 108 109 111 177 185 206 214 222 243 251 272 280 288 309 317 325
114 116 104 109 110 112 178 186 207 215 223 244 252 260 281 289 310 318 326
115 104 105 110 111 113 179 187 195 216 224 245 253 261 282 290 311 319 327
116 105 106 111 112 114 180 188 196 217 225 246 254 262 283 291 299 320 328
104 106 107 112 113 115 181 189 197 218 226 234 255 263 284 292 300 321 329
118 120 121 126 127 129 169 191 200 209 231 240 249 271 280 289 311 320 329
119 121 122 127 128 117 170 192 201 210 232 241 250 272 281 290 299 321 330
120 122 123 128 129 118 171 193 202 211 233 242 251 260 282 291 300 322 331
121 123 124 129 117 119 172 194 203 212 221 243 252 261 283 292 301 323 332
122 124 125 117 118 120 173 182 204 213 222 244 253 262 284 293 302 324 333
123 125 126 118 119 121 174 183 205 214 223 245 254 263 285 294 303 312 334
124 126 127 119 120 122 175 184 206 215 224 246 255 264 273 295 304 313 335
125 127 128 120 121 123 176 185 207 216 225 234 256 265 274 296 305 314 336
126 128 129 121 122 124 177 186 195 217 226 235 257 266 275 297 306 315 337
127 129 117 122 123 125 178 187 196 218 227 236 258 267 276 298 307 316 325
128 117 118 123 124 126 179 188 197 219 228 237 259 268 277 286 308 317 326
129 118 119 124 125 127 180 189 198 220 229 238 247 269 278 287 309 318 327
117 119 120 125 126 128 181 190 199 208 230 239 248 270 279 288 310 319 328
131 133 134 139 140 142 169 192 202 212 222 245 255 265 275 298 308 318 328
132 134 135 140 141 130 170 193 203 213 223 246 256 266 276 286 309 319 329
133 135 136 141 142 131 171 194 204 214 224 234 257 267 277 287 310 320 330
134 136 137 142 130 132 172 182 205 215 225 235 258 268 278 288 311 321 331
135 137 138 130 131 133 173 183 206 216 226 236 259 269 279 289 299 322 332
136 138 139 131 132 134 174 184 207 217 227 237 247 270 280 290 300 323 333
137 139 140 132 133 135 175 185 195 218 228 238 248 271 281 291 301 324 334
138 140 141 133 134 136 176 186 196 219 229 239 249 272 282 292 302 312 335
139 141 142 134 135 137 177 187 197 220 230 240 250 260 283 293 303 313 336
140 142 130 135 136 138 178 188 198 208 231 241 251 261 284 294 304 314 337
141 130 131 136 137 139 179 189 199 209 232 242 252 262 285 295 305 315 325
142 131 132 137 138 140 180 190 200 210 233 243 253 263 273 296 306 316 326
130 132 133 138 139 141 181 191 201 211 221 244 254 264 274 297 307 317 327
144 146 147 152 153 155 169 193 204 215 226 237 248 272 283 294 305 316 327
145 147 148 153 154 143 170 194 205 216 227 238 249 260 284 295 306 317 328
146 148 149 154 155 144 171 182 206 217 228 239 250 261 285 296 307 318 329
147 149 150 155 143 145 172 183 207 218 229 240 251 262 273 297 308 319 330
148 150 151 143 144 146 173 184 195 219 230 241 252 263 274 298 309 320 331
149 151 152 144 145 147 174 185 196 220 231 242 253 264 275 286 310 321 332
150 152 153 145 146 148 175 186 197 208 232 243 254 265 276 287 311 322 333
151 153 154 146 147 149 176 187 198 209 233 244 255 266 277 288 299 323 334
152 154 155 147 148 150 177 188 199 210 221 245 256 267 278 289 300 324 335
153 155 143 148 149 151 178 189 200 211 222 246 257 268 279 290 301 312 336
154 143 144 149 150 152 179 190 201 212 223 234 258 269 280 291 302 313 337
155 144 145 150 151 153 180 191 202 213 224 235 259 270 281 292 303 314 325
143 145 146 151 152 154 181 192 203 214 225 236 247 271 282 293 304 315 326
157 159 160 165 166 168 169 194 206 218 230 242 254 266 278 290 302 314 326
158 160 161 166 167 156 170 182 207 219 231 243 255 267 279 291 303 315 327
159 161 162 167 168 157 171 183 195 220 232 244 256 268 280 292 304 316 328
160 162 163 168 156 158 172 184 196 208 233 245 257 269 281 293 305 317 329
161 163 164 156 157 159 173 185 197 209 221 246 258 270 282 294 306 318 330
162 164 165 157 158 160 174 186 198 210 222 234 259 271 283 295 307 319 331
163 165 166 158 159 161 175 187 199 211 223 235 247 272 284 296 308 320 332
164 166 167 159 160 162 176 188 200 212 224 236 248 260 285 297 309 321 333
165 167 168 160 161 163 177 189 201 213 225 237 249 261 273 298 310 322 334
166 168 156 161 162 164 178 190 202 214 226 238 250 262 274 286 311 323 335
167 156 157 162 163 165 179 191 203 215 227 239 251 263 275 287 299 324 336
168 157 158 163 164 166 180 192 204 216 228 240 252 264 276 288 300 312 337
156 158 159 164 165 167 181 193 205 217 229 241 253 265 277 289 301 313 325
171 175 177 174 176 180 0 13 26 39 52 65 78 91 104 117 130 143 156
172 176 178 175 177 181 1 14 27 40 53 66 79 92 105 118 131 144 157
173 177 179 176 178 169 2 15 28 41 54 67 80 93 106 119 132 145 158
174 178 180 177 179 170 3 16 29 42 55 68 81 94 107 120 133 146 159
175 179 181 178 180 171 4 17 30 43 56 69 82 95 108 121 134 147 160
176 180 169 179 181 172 5 18 31 44 57 70 83 96 109 122 135 148 161
177 181 170 180 169 173 6 19 32 45 58 71 84 97 110 123 136 149 162
178 169 171 181 170 174 7 20 33 46 59 72 85 98 111 124 137 150 163
179 170 172 169 171 175 8 21 34 47 60 73 86 99 112 125 138 151 164
180 171 173 170 172 176 9 22 35 48 61 74 87 100 113 126 139 152 165
181 172 174 171 173 177 10 23 36 49 62 75 88 101 114 127 140 153 166
169 173 175 172 174 178 11 24 37 50 63 76 89 102 115 128 141 154 167
170 174 176 173 175 179 12 25 38 51 64 77 90 103 116 129 142 155 168
184 188 190 187 189 193 0 25 37 49 61 73 85 97 109 121 133 145 157
185 189 191 188 190 194 1 13 38 50 62 74 86 98 110 122 134 146 158
186 190 192 189 191 182 2 14 26 51 63 75 87 99 111 123 135 147 159
187 191 193 190 192 183 3 15 27 39 64 76 88 100 112 124 136 148 160
188 192 194 191 193 184 4 16 28 40 52 77 89 101 113 125 137 149 161
189 193 182 192 194 185 5 17 29 41 53 65 90 102 114 126 138 150 162
190 194 183 193 182 186 6 18 30 42 54 66 78 103 115 127 139 151 163
191 182 184 194 183 187 7 19 31 43 55 67 79 91 116 128 140 152 164
192 183 185 182 184 188 8 20 32 44 56 68 80 92 104 129 141 153 165
193 184 186 183 185 189 9 21 33 45 57 69 81 93 105 117 142 154 166
194 185 187 184 186 190 10 22 34 46 58 70 82 94 106 118 130 155 167
182 186 188 185 187 191 11 23 35 47 59 71 83 95 107 119 131 143 168
183 187 189 186 188 192 12 24 36 48 60 72 84 96 108 120 132 144 156
197 201 203 200 202 206 0 24 35 46 57 68 79 103 114 125 136 147 158
198 202 204 201 203 207 1 25 36 47 58 69 80 91 115 126 137 148 159
199 203 205 202 204 195 2 13 37 48 59 70 81 92 116 127 138 149 160
200 204 206 203 205 196 3 14 38 49 60 71 82 93 104 128 139 150 161
201 205 207 204 206 197 4 15 26 50 61 72 83 94 105 129 140 151 162
202 206 195 205 207 198 5 16 27 51 62 73 84 95 106 117 141 152 163
203 207 196 206 195 199 6 17 28 39 63 74 85 96 107 118 142 153 164
204 195 197 207 196 200 7 18 29 40 64 75 86 97 108 119 130 154 165
205 196 198 195 197 201 8 19 30 41 52 76 87 98 109 120 131 155 166
206 197 199 196 198 202 9 20 31 42 53 77 88 99 110 121 132 143 167
207 198 200 197 199 203 10 21 32 43 54 65 89 100 111 122 133 144 168
195 199 201 198 200 204 11 22 33 44 55 66 90 101 112 123 134 145 156
196 200 202 199 201 205 12 23 34 45 56 67 78 102 113 124 135 146 157
210 214 216 213 215 219 0 23 33 43 53 76 86 96 106 129 139 149 159
211 215 217 214 216 220 1 24 34 44 54 77 87 97 107 117 140 150 160
212 216 218 215 217 208 2 25 35 45 55 65 88 98 108 118 141 151 161
213 217 219 216 218 209 3 13 36 46 56 66 89 99 109 119 142 152 162
214 218 220 217 219 210 4 14 37 47 57 67 90 100 110 120 130 153 163
215 219 208 218 220 211 5 15 38 48 58 68 78 101 111 121 131 154 164
216 220 209 219 208 212 6 16 26 49 59 69 79 102 112 122 132 155 165
217 208 210 220 209 213 7 17 27 50 60 70 80 103 113 123 133 143 166
218 209 211 208 210 214 8 18 28 51 61 71 81 91 114 124 134 144 167
219 210 212 209 211 215 9 19 29 39 62 72 82 92 115 125 135 145 168
220 211 213 210 212 216 10 20 30 40 63 73 83 93 116 126 136 146 156
208 212 214 211 213 217 11 21 31 41 64 74 84 94 104 127 137 147 157
209 213 215 212 214 218 12 22 32 42 52 75 85 95 105 128 138 148 158
223 227 229 226 228 232 0 22 31 40 62 71 80 102 111 120 142 151 160
224 228 230 227 229 233 1 23 32 41 63 72 81 103 112 121 130 152 161
225 229 231 228 230 221 2 24 33 42 64 73 82 91 113 122 131 153 162
226 230 232 229 231 222 3 25 34 43 52 74 83 92 114 123 132 154 163
227 231 233 230 232 223 4 13 35 44 53 75 84 93 115 124 133 155 164
228 232 221 231 233 224 5 14 36 45 54 76 85 94 116 125 134 143 165
229 233 222 232 221 225 6 15 37 46 55 77 86 95 104 126 135 144 166
230 221 223 233 222 226 7 16 38 47 56 65 87 96 105 127 136 145 167
231 222 224 221 223 227 8 17 26 48 57 66 88 97 106 128 137 146 168
232 223 225 222 224 228 9 18 27 49 58 67 89 98 107 129 138 147 156
233 224 226 223 225 229 10 19 28 50 59 68 90 99 108 117 139 148 157
221 225 227 224 226 230 11 20 29 51 60 69 78 100 109 118 140 149 158
222 226 228 225 227 231 12 21 30 39 61 70 79 101 110 119 141 150 159
236 240 242 239 241 245 0 21 29 50 58 66 87 95 116 124 132 153 161
237 241 243 240 242 246 1 22 30 51 59 67 88 96 104 125 133 154 162
238 242 244 241 243 234 2 23 31 39 60 68 89 97 105 126 134 155 163
239 243 245 242 244 235 3 24 32 40 61 69 90 98 106 127 135 143 164
240 244 246 243 245 236 4 25 33 41 62 70 78 99 107 128 136 144 165
241 245 234 244 246 237 5 13 34 42 63 71 79 100 108 129 137 145 166
242 246 235 245 234 238 6 14 35 43 64 72 80 101 109 117 138 146 167
243 234 236 246 235 239 7 15 36 44 52 73 81 102 110 118 139 147 168
244 235 237 234 236 240 8 16 37 45 53 74 82 103 111 119 140 148 156
245 236 238 235 237 241 9 17 38 46 54 75 83 91 112 120 141 149 157
246 237 239 236 238 242 10 18 26 47 55 76 84 92 113 121 142 150 158
234 238 240 237 239 243 11 19 27 48 56 77 85 93 114 122 130 151 159
235 239 241 238 240 244 12 20 28 49 57 65 86 94 115 123 131 152 160
249 253 255 252 254 258 0 20 27 47 54 74 81 101 108 128 135 155 162
250 254 256 253 255 259 1 21 28 48 55 75 82 102 109 129 136 143 163
251 255 257 254 256 247 2 22 29 49 56 76 83 103 110 117 137 144 164
252 256 258 255 257 248 3 23 30 50 57 77 84 91 111 118 138 145 165
253 257 259 256 258 249 4 24 31 51 58 65 85 92 112 119 139 146 166
254 258 247 257 259 250 5 25 32 39 59 66 86 93 113 120 140 147 167
255 259 248 258 247 251 6 13 33 40 60 67 87 94 114 121 141 148 168
256 247 249 259 248 252 7 14 34 41 61 68 88 95 115 122 142 149 156
257 248 250 247 249 253 8 15 35 42 62 69 89 96 116 123 130 150 157
258 249 251 248 250 254 9 16 36 43 63 70 90 97 104 124 131 151 158
259 250 252 249 251 255 10 17 37 44 64 71 78 98 105 125 132 152 159
247 251 253 250 252 256 11 18 38 45 52 72 79 99 106 126 133 153 160
248 252 254 251 253 257 12 19 26 46 53 73 80 100 107 127 134 154 161
262 266 268 265 267 271 0 19 38 44 63 69 88 94 113 119 138 144 163
263 267 269 266 268 272 1 20 26 45 64 70 89 95 114 120 139 145 164
264 268 270 267 269 260 2 21 27 46 52 71 90 96 115 121 140 146 165
265 269 271 268 270 261 3 22 28 47 53 72 78 97 116 122 141 147 166
266 270 272 269 271 262 4 23 29 48 54 73 79 98 104 123 142 148 167
267 271 260 270 272 263 5 24 30 49 55 74 80 99 105 124 130 149 168
268 272 261 271 260 264 6 25 31 50 56 75 81 100 106 125 131 150 156
269 260 262 272 261 265 7 13 32 51 57 76 82 101 107 126 132 151 157
270 261 263 260 262 266 8 14 33 39 58 77 83 102 108 127 133 152 158
271 262 264 261 263 267 9 15 34 40 59 65 84 103 109 128 134 153 159
272 263 265 262 264 268 10 16 35 41 60 66 85 91 110 129 135 154 160
260 264 266 263 265 269 11 17 36 42 61 67 86 92 111 117 136 155 161
261 265 267 264 266 270 12 18 37 43 62 68 87 93 112 118 137 143 162
275 279 281 278 280 284 0 18 36 41 59 77 82 100 105 123 141 146 164
276 280 282 279 281 285 1 19 37 42 60 65 83 101 106 124 142 147 165
277 281 283 280 282 273 2 20 38 43 61 66 84 102 107 125 130 148 166
278 282 284 281 283 274 3 21 26 44 62 67 85 103 108 126 131 149 167
279 283 285 282 284 275 4 22 27 45 63 68 86 91 109 127 132 150 168
280 284 273 283 285 276 5 23 28 46 64 69 87 92 110 128 133 151 156
281 285 274 284 273 277 6 24 29 47 52 70 88 93 111 129 134 152 157
282 273 275 285 274 278 7 25 30 48 53 71 89 94 112 117 135 153 158
283 274 276 273 275 279 8 13 31 49 54 72 90 95 113 118 136 154 159
284 275 277 274 276 280 9 14 32 50 55 73 78 96 114 119 137 155 160
285 276 278 275 277 281 10 15 33 51 56 74 79 97 115 120 138 143 161
273 277 279 276 278 282 11 16 34 39 57 75 80 98 116 121 139 144 162
274 278 280 277 279 283 12 17 35 40 58 76 81 99 104 122 140 145 163
288 292 294 291 293 297 0 17 34 51 55 72 89 93 110 127 131 148 165
289 293 295 292 294 298 1 18 35 39 56 73 90 94 111 128 132 149 166
290 294 296 293 295 286 2 19 36 40 57 74 78 95 112 129 133 150 167
291 295 297 294 296 287 3 20 37 41 58 75 79 96 113 117 134 151 168
292 296 298 295 297 288 4 21 38 42 59 76 80 97 114 118 135 152 156
293 297 286 296 298 289 5 22 26 43 60 77 81 98 115 119 136 153 157
294 298 287 297 286 290 6 23 27 44 61 65 82 99 116 120 137 154 158
295 286 288 298 287 291 7 24 28 45 62 66 83 100 104 121 138 155 159
296 287 289 286 288 292 8 25 29 46 63 67 84 101 105 122 139 143 160
297 288 290 287 289 293 9 13 30 47 64 68 85 102 106 123 140 144 161
298 289 291 288 290 294 10 14 31 48 52 69 86 103 107 124 141 145 162
286 290 292 289 291 295 11 15 32 49 53 70 87 91 108 125 142 146 163
287 291 293 290 292 296 12 16 33 50 54 71 88 92 109 126 130 147 164
301 305 307 304 306 310 0 16 32 48 64 67 83 99 115 118 134 150 166
302 306 308 305 307 311 1 17 33 49 52 68 84 100 116 119 135 151 167
303 307 309 306 308 299 2 18 34 50 53 69 85 101 104 120 136 152 168
304 308 310 307 309 300 3 19 35 51 54 70 86 102 105 121 137 153 156
305 309 311 308 310 301 4 20 36 39 55 71 87 103 106 122 138 154 157
306 310 299 309 311 302 5 21 37 40 56 72 88 91 107 123 139 155 158
307 311 300 310 299 303 6 22 38 41 57 73 89 92 108 124 140 143 159
308 299 301 311 300 304 7 23 26 42 58 74 90 93 109 125 141 144 160
309 300 302 299 301 305 8 24 27 43 59 75 78 94 110 126 142 145 161
310 301 303 300 302 306 9 25 28 44 60 76 79 95 111 127 130 146 162
311 302 304 301 303 307 10 13 29 45 61 77 80 96 112 128 131 147 163
299 303 305 302 304 308 11 14 30 46 62 65 81 97 113 129 132 148 164
300 304 306 303 305 309 12 15 31 47 63 66 82 98 114 117 133 149 165
314 318 320 317 319 323 0 15 30 45 60 75 90 92 107 122 137 152 167
315 319 321 318 320 324 1 16 31 46 61 76 78 93 108 123 138 153 168
316 320 322 319 321 312 2 17 32 47 62 77 79 94 109 124 139 154 156
317 321 323 320 322 313 3 18 33 48 63 65 80 95 110 125 140 155 157
318 322 324 321 323 314 4 19 34 49 64 66 81 96 111 126 141 143 158
319 323 312 322 324 315 5 20 35 50 52 67 82 97 112 127 142 144 159
320 324 313 323 312 316 6 21 36 51 53 68 83 98 113 128 130 145 160
321 312 314 324 313 317 7 22 37 39 54 69 84 99 114 129 131 146 161
322 313 315 312 314 318 8 23 38 40 55 70 85 100 115 117 132 147 162
323 314 316 313 315 319 9 24 26 41 56 71 86 101 116 118 133 148 163
324 315 317 314 316 320 10 25 27 42 57 72 87 102 104 119 134 149 164
312 316 318 315 317 321 11 13 28 43 58 73 88 103 105 120 135 150 165
313 317 319 316 318 322 12 14 29 44 59 74 89 91 106 121 136 151 166
327 331 333 330 332 336 0 14 28 42 56 70 84 98 112 126 140 154 168
328 332 334 331 333 337 1 15 29 43 57 71 85 99 113 127 141 155 156
329 333 335 332 334 325 2 16 30 44 58 72 86 100 114 128 142 143 157
330 334 336 333 335 326 3 17 31 45 59 73 87 101 115 129 130 144 158
331 335 337 334 336 327 4 18 32 46 60 74 88 102 116 117 131 145 159
332 336 325 335 337 328 5 19 33 47 61 75 89 103 104 118 132 146 160
333 337 326 336 325 329 6 20 34 48 62 76 90 91 105 119 133 147 161
334 325 327 337 326 330 7 21 35 49 63 77 78 92 106 120 134 148 162
335 326 328 325 327 331 8 22 36 50 64 65 79 93 107 121 135 149 163
336 327 329 326 328 332 9 23 37 51 52 66 80 94 108 122 136 150 164
337 328 330 327 329 333 10 24 38 39 53 67 81 95 109 123 137 151 165
325 329 331 328 330 334 11 25 26 40 54 68 82 96 110 124 138 152 166
326 330 332 329 331 335 12 13 27 41 55 69 83 97 111 125 139 153 167
